0.0 0.0 0.0 0.0 0.0 0.005076142131979695 0.0 0.0 0.0 0.0 0.0 0.0 0.0 0.0 0.0 0.0 0.0 0.004545454545454545 0.012048192771084338 0.00641025641025641 0.0 0.01020408163265306 0.0 0.0 0.0 0.0 0.008264462809917356 0.02
0.11548556430446194 0.047619047619047616 0.04504504504504504 0.06653620352250489 0.037037037037037035 0.05583756345177665 0.0427807486631016 0.046511627906976744 0.046296296296296294 0.05102040816326531 0.04854368932038835 0.05154639175257732 0.03827751196172249 0.05194805194805195 0.041025641025641026 0.042105263157894736 0.035398230088495575 0.03636363636363636 0.04819277108433735 0.02564102564102564 0.0425531914893617 0.025510204081632654 0.04 0.04065040650406504 0.053763440860215055 0.047619047619047616 0.04132231404958678 0.05
0.049868766404199474 0.10119047619047619 0.02702702702702703 0.0410958904109589 0.0787037037037037 0.04060913705583756 0.09090909090909091 0.0755813953488372 0.027777777777777776 0.030612244897959183 0.02912621359223301 0.030927835051546393 0.06698564593301436 0.07142857142857142 0.08717948717948718 0.08947368421052632 0.0752212389380531 0.07727272727272727 0.10240963855421686 0.05448717948717949 0.05851063829787234 0.015306122448979591 0.024 0.024390243902439025 0.03225806451612903 0.02857142857142857 0.024793388429752067 0.03
0.010498687664041995 0.10119047619047619 0.018018018018018018 0.003913894324853229 0.0787037037037037 0.0 0.09090909090909091 0.09883720930232558 0.018518518518518517 0.02040816326530612 0.019417475728155338 0.020618556701030927 0.08133971291866028 0.045454545454545456 0.08717948717948718 0.08947368421052632 0.0752212389380531 0.07727272727272727 0.030120481927710843 0.05448717948717949 0.03723404255319149 0.01020408163265306 0.016 0.016260162601626018 0.021505376344086023 0.01904761904761905 0.01652892561983471 0.02
0.05249343832020997 0.07738095238095238 0.02702702702702703 0.019569471624266144 0.06018518518518518 0.005076142131979695 0.06951871657754011 0.05232558139534884 0.027777777777777776 0.030612244897959183 0.02912621359223301 0.030927835051546393 0.06220095693779904 0.03896103896103896 0.06666666666666667 0.06842105263157895 0.05752212389380531 0.05909090909090909 0.0783132530120482 0.041666666666666664 0.031914893617021274 0.015306122448979591 0.024 0.024390243902439025 0.03225806451612903 0.02857142857142857 0.024793388429752067 0.03
0.05249343832020997 0.023809523809523808 0.036036036036036036 0.05870841487279843 0.037037037037037035 0.08121827411167512 0.0427807486631016 0.046511627906976744 0.037037037037037035 0.04081632653061224 0.038834951456310676 0.041237113402061855 0.028708133971291867 0.05194805194805195 0.041025641025641026 0.042105263157894736 0.035398230088495575 0.03636363636363636 0.04819277108433735 0.02564102564102564 0.0425531914893617 0.02040816326530612 0.032 0.032520325203252036 0.043010752688172046 0.0380952380952381 0.03305785123966942 0.04
0.05249343832020997 0.02976190476190476 0.018018018018018018 0.0958904109589041 0.023148148148148147 0.09644670050761421 0.026737967914438502 0.029069767441860465 0.018518518518518517 0.02040816326530612 0.019417475728155338 0.020618556701030927 0.023923444976076555 0.032467532467532464 0.02564102564102564 0.02631578947368421 0.022123893805309734 0.022727272727272728 0.030120481927710843 0.016025641025641024 0.026595744680851064 0.01020408163265306 0.016 0.016260162601626018 0.021505376344086023 0.01904761904761905 0.01652892561983471 0.02
0.0026246719160104987 0.017857142857142856 0.018018018018018018 0.0 0.013888888888888888 0.0 0.016042780748663103 0.01744186046511628 0.018518518518518517 0.0 0.019417475728155338 0.020618556701030927 0.014354066985645933 0.0 0.015384615384615385 0.015789473684210527 0.01327433628318584 0.013636363636363636 0.0 0.009615384615384616 0.0 0.01020408163265306 0.0 0.016260162601626018 0.021505376344086023 0.01904761904761905 0.01652892561983471 0.0
0.007874015748031496 0.023809523809523808 0.0 0.0019569471624266144 0.018518518518518517 0.0 0.0213903743315508 0.023255813953488372 0.0 0.0 0.0 0.0 0.019138755980861243 0.012987012987012988 0.020512820512820513 0.021052631578947368 0.017699115044247787 0.01818181818181818 0.024096385542168676 0.01282051282051282 0.010638297872340425 0.0 0.0 0.0 0.0 0.0 0.0 0.0
0.023622047244094488 0.005952380952380952 0.018018018018018018 0.03131115459882583 0.023148148148148147 0.02030456852791878 0.026737967914438502 0.029069767441860465 0.018518518518518517 0.02040816326530612 0.019417475728155338 0.020618556701030927 0.023923444976076555 0.032467532467532464 0.02564102564102564 0.02631578947368421 0.022123893805309734 0.022727272727272728 0.030120481927710843 0.016025641025641024 0.026595744680851064 0.01020408163265306 0.016 0.016260162601626018 0.010752688172043012 0.01904761904761905 0.01652892561983471 0.02
0.031496062992125984 0.011904761904761904 0.018018018018018018 0.0273972602739726 0.013888888888888888 0.01015228426395939 0.016042780748663103 0.01744186046511628 0.018518518518518517 0.02040816326530612 0.019417475728155338 0.020618556701030927 0.014354066985645933 0.01948051948051948 0.015384615384615385 0.015789473684210527 0.01327433628318584 0.013636363636363636 0.018072289156626505 0.009615384615384616 0.015957446808510637 0.01020408163265306 0.016 0.016260162601626018 0.021505376344086023 0.01904761904761905 0.01652892561983471 0.02
0.06824146981627296 0.017857142857142856 0.018018018018018018 0.019569471624266144 0.018518518518518517 0.04568527918781726 0.0213903743315508 0.005813953488372093 0.018518518518518517 0.02040816326530612 0.019417475728155338 0.020618556701030927 0.019138755980861243 0.012987012987012988 0.020512820512820513 0.021052631578947368 0.017699115044247787 0.01818181818181818 0.018072289156626505 0.01282051282051282 0.010638297872340425 0.01020408163265306 0.016 0.016260162601626018 0.021505376344086023 0.01904761904761905 0.01652892561983471 0.02
0.007874015748031496 0.017857142857142856 0.018018018018018018 0.01761252446183953 0.013888888888888888 0.01015228426395939 0.016042780748663103 0.01744186046511628 0.018518518518518517 0.02040816326530612 0.019417475728155338 0.020618556701030927 0.014354066985645933 0.01948051948051948 0.015384615384615385 0.015789473684210527 0.01327433628318584 0.013636363636363636 0.018072289156626505 0.009615384615384616 0.015957446808510637 0.01020408163265306 0.016 0.016260162601626018 0.021505376344086023 0.01904761904761905 0.01652892561983471 0.02
0.0 0.011904761904761904 0.018018018018018018 0.003913894324853229 0.009259259259259259 0.005076142131979695 0.0106951871657754 0.011627906976744186 0.018518518518518517 0.02040816326530612 0.019417475728155338 0.020618556701030927 0.009569377990430622 0.012987012987012988 0.010256410256410256 0.010526315789473684 0.008849557522123894 0.00909090909090909 0.012048192771084338 0.00641025641025641 0.010638297872340425 0.01020408163265306 0.016 0.016260162601626018 0.021505376344086023 0.01904761904761905 0.01652892561983471 0.02
0.023622047244094488 0.0 0.0 0.015655577299412915 0.0 0.025380710659898477 0.0 0.0 0.0 0.01020408163265306 0.0 0.010309278350515464 0.0 0.006493506493506494 0.0 0.005263157894736842 0.004424778761061947 0.004545454545454545 0.0 0.003205128205128205 0.005319148936170213 0.00510204081632653 0.008 0.008130081300813009 0.0 0.0 0.008264462809917356 0.0
0.023622047244094488 0.05357142857142857 0.02702702702702703 0.015655577299412915 0.041666666666666664 0.025380710659898477 0.0481283422459893 0.040697674418604654 0.027777777777777776 0.030612244897959183 0.02912621359223301 0.030927835051546393 0.0430622009569378 0.03896103896103896 0.046153846153846156 0.042105263157894736 0.035398230088495575 0.04090909090909091 0.024096385542168676 0.028846153846153848 0.031914893617021274 0.015306122448979591 0.024 0.024390243902439025 0.03225806451612903 0.02857142857142857 0.024793388429752067 0.03
0.015748031496062992 0.0 0.0 0.03131115459882583 0.0 0.04060913705583756 0.0 0.01744186046511628 0.018518518518518517 0.030612244897959183 0.0 0.0 0.009569377990430622 0.01948051948051948 0.0 0.0 0.01327433628318584 0.0 0.006024096385542169 0.009615384615384616 0.015957446808510637 0.015306122448979591 0.024 0.024390243902439025 0.0 0.0 0.0 0.01
0.03412073490813648 0.0 0.018018018018018018 0.0410958904109589 0.013888888888888888 0.02030456852791878 0.0 0.011627906976744186 0.018518518518518517 0.02040816326530612 0.019417475728155338 0.020618556701030927 0.009569377990430622 0.01948051948051948 0.015384615384615385 0.015789473684210527 0.01327433628318584 0.013636363636363636 0.018072289156626505 0.009615384615384616 0.015957446808510637 0.01020408163265306 0.016 0.016260162601626018 0.0 0.0 0.01652892561983471 0.02
0.0026246719160104987 0.005952380952380952 0.0 0.029354207436399216 0.0 0.005076142131979695 0.0053475935828877 0.0 0.0 0.01020408163265306 0.0 0.0 0.0 0.006493506493506494 0.0 0.0 0.004424778761061947 0.0 0.006024096385542169 0.003205128205128205 0.005319148936170213 0.00510204081632653 0.008 0.008130081300813009 0.010752688172043012 0.009523809523809525 0.0 0.01
0.026246719160104987 0.0 0.009009009009009009 0.0547945205479452 0.004629629629629629 0.015228426395939087 0.0053475935828877 0.0 0.0 0.02040816326530612 0.009708737864077669 0.020618556701030927 0.0 0.012987012987012988 0.005128205128205128 0.010526315789473684 0.008849557522123894 0.00909090909090909 0.012048192771084338 0.00641025641025641 0.010638297872340425 0.01020408163265306 0.016 0.016260162601626018 0.0 0.009523809523809525 0.01652892561983471 0.02
0.031496062992125984 0.0 0.018018018018018018 0.015655577299412915 0.009259259259259259 0.01015228426395939 0.0 0.0 0.018518518518518517 0.02040816326530612 0.009708737864077669 0.010309278350515464 0.009569377990430622 0.012987012987012988 0.005128205128205128 0.005263157894736842 0.008849557522123894 0.004545454545454545 0.012048192771084338 0.00641025641025641 0.010638297872340425 0.01020408163265306 0.016 0.016260162601626018 0.0 0.0 0.008264462809917356 0.02
0.0026246719160104987 0.017857142857142856 0.02702702702702703 0.003913894324853229 0.013888888888888888 0.01015228426395939 0.016042780748663103 0.01744186046511628 0.027777777777777776 0.030612244897959183 0.02912621359223301 0.030927835051546393 0.014354066985645933 0.01948051948051948 0.015384615384615385 0.015789473684210527 0.01327433628318584 0.013636363636363636 0.018072289156626505 0.009615384615384616 0.015957446808510637 0.015306122448979591 0.024 0.024390243902439025 0.03225806451612903 0.02857142857142857 0.024793388429752067 0.03
0.023622047244094488 0.0 0.018018018018018018 0.03913894324853229 0.009259259259259259 0.01015228426395939 0.0106951871657754 0.0 0.009259259259259259 0.02040816326530612 0.019417475728155338 0.020618556701030927 0.004784688995215311 0.012987012987012988 0.010256410256410256 0.010526315789473684 0.008849557522123894 0.00909090909090909 0.012048192771084338 0.00641025641025641 0.010638297872340425 0.01020408163265306 0.016 0.016260162601626018 0.0 0.01904761904761905 0.01652892561983471 0.02
0.005249343832020997 0.005952380952380952 0.018018018018018018 0.0 0.041666666666666664 0.0 0.016042780748663103 0.05232558139534884 0.018518518518518517 0.02040816326530612 0.019417475728155338 0.020618556701030927 0.03349282296650718 0.025974025974025976 0.046153846153846156 0.04736842105263158 0.03982300884955752 0.04090909090909091 0.0 0.028846153846153848 0.02127659574468085 0.01020408163265306 0.016 0.016260162601626018 0.010752688172043012 0.01904761904761905 0.01652892561983471 0.0
0.0026246719160104987 0.005952380952380952 0.0 0.021526418786692758 0.0 0.0 0.0053475935828877 0.005813953488372093 0.0 0.01020408163265306 0.0 0.0 0.0 0.006493506493506494 0.0 0.0 0.004424778761061947 0.0 0.006024096385542169 0.003205128205128205 0.005319148936170213 0.00510204081632653 0.008 0.008130081300813009 0.010752688172043012 0.009523809523809525 0.0 0.01
0.03674540682414698 0.0 0.0 0.060665362035225046 0.0 0.09137055837563451 0.0 0.005813953488372093 0.0 0.01020408163265306 0.0 0.010309278350515464 0.0 0.006493506493506494 0.0 0.005263157894736842 0.004424778761061947 0.004545454545454545 0.006024096385542169 0.003205128205128205 0.005319148936170213 0.00510204081632653 0.008 0.008130081300813009 0.0 0.0 0.008264462809917356 0.01
0.031496062992125984 0.005952380952380952 0.018018018018018018 0.015655577299412915 0.009259259259259259 0.025380710659898477 0.026737967914438502 0.023255813953488372 0.037037037037037035 0.04081632653061224 0.019417475728155338 0.041237113402061855 0.03349282296650718 0.045454545454545456 0.010256410256410256 0.03684210526315789 0.030973451327433628 0.031818181818181815 0.03614457831325301 0.022435897435897436 0.03723404255319149 0.02040816326530612 0.032 0.032520325203252036 0.010752688172043012 0.0380952380952381 0.03305785123966942 0.04
0.02099737532808399 0.005952380952380952 0.009009009009009009 0.025440313111545987 0.004629629629629629 0.02030456852791878 0.0053475935828877 0.005813953488372093 0.009259259259259259 0.0 0.009708737864077669 0.010309278350515464 0.004784688995215311 0.0 0.005128205128205128 0.005263157894736842 0.004424778761061947 0.004545454545454545 0.006024096385542169 0.003205128205128205 0.0 0.00510204081632653 0.0 0.008130081300813009 0.010752688172043012 0.009523809523809525 0.008264462809917356 0.01
0.026246719160104987 0.023809523809523808 0.02702702702702703 0.009784735812133072 0.018518518518518517 0.01015228426395939 0.0213903743315508 0.023255813953488372 0.027777777777777776 0.030612244897959183 0.02912621359223301 0.030927835051546393 0.019138755980861243 0.025974025974025976 0.020512820512820513 0.021052631578947368 0.017699115044247787 0.01818181818181818 0.024096385542168676 0.01282051282051282 0.02127659574468085 0.015306122448979591 0.024 0.024390243902439025 0.03225806451612903 0.02857142857142857 0.024793388429752067 0.03
0.0026246719160104987 0.017857142857142856 0.018018018018018018 0.0 0.013888888888888888 0.005076142131979695 0.016042780748663103 0.011627906976744186 0.018518518518518517 0.01020408163265306 0.019417475728155338 0.010309278350515464 0.009569377990430622 0.006493506493506494 0.015384615384615385 0.005263157894736842 0.004424778761061947 0.013636363636363636 0.0 0.009615384615384616 0.015957446808510637 0.01020408163265306 0.016 0.008130081300813009 0.021505376344086023 0.01904761904761905 0.01652892561983471 0.0
0.005249343832020997 0.011904761904761904 0.009009009009009009 0.0 0.004629629629629629 0.0 0.0106951871657754 0.005813953488372093 0.018518518518518517 0.02040816326530612 0.009708737864077669 0.020618556701030927 0.009569377990430622 0.012987012987012988 0.005128205128205128 0.010526315789473684 0.008849557522123894 0.00909090909090909 0.0 0.00641025641025641 0.010638297872340425 0.01020408163265306 0.016 0.016260162601626018 0.021505376344086023 0.01904761904761905 0.01652892561983471 0.0
0.0026246719160104987 0.0 0.0 0.007827788649706457 0.0 0.015228426395939087 0.0053475935828877 0.005813953488372093 0.009259259259259259 0.0 0.0 0.0 0.004784688995215311 0.0 0.0 0.0 0.0 0.0 0.0 0.00641025641025641 0.010638297872340425 0.01020408163265306 0.016 0.0 0.0 0.009523809523809525 0.0 0.0
0.005249343832020997 0.005952380952380952 0.009009009009009009 0.0019569471624266144 0.004629629629629629 0.005076142131979695 0.0053475935828877 0.005813953488372093 0.009259259259259259 0.01020408163265306 0.009708737864077669 0.010309278350515464 0.004784688995215311 0.006493506493506494 0.005128205128205128 0.005263157894736842 0.004424778761061947 0.004545454545454545 0.006024096385542169 0.003205128205128205 0.005319148936170213 0.00510204081632653 0.008 0.008130081300813009 0.010752688172043012 0.009523809523809525 0.008264462809917356 0.01
0.015748031496062992 0.005952380952380952 0.009009009009009009 0.029354207436399216 0.004629629629629629 0.025380710659898477 0.0053475935828877 0.005813953488372093 0.027777777777777776 0.04081632653061224 0.009708737864077669 0.010309278350515464 0.014354066985645933 0.025974025974025976 0.005128205128205128 0.005263157894736842 0.017699115044247787 0.004545454545454545 0.006024096385542169 0.01282051282051282 0.02127659574468085 0.02040816326530612 0.032 0.032520325203252036 0.010752688172043012 0.009523809523809525 0.008264462809917356 0.01
0.0 0.005952380952380952 0.036036036036036036 0.0019569471624266144 0.023148148148148147 0.0 0.0106951871657754 0.005813953488372093 0.037037037037037035 0.02040816326530612 0.038834951456310676 0.020618556701030927 0.023923444976076555 0.012987012987012988 0.02564102564102564 0.010526315789473684 0.008849557522123894 0.022727272727272728 0.012048192771084338 0.016025641025641024 0.026595744680851064 0.02040816326530612 0.032 0.016260162601626018 0.010752688172043012 0.01904761904761905 0.03305785123966942 0.02
0.015748031496062992 0.005952380952380952 0.009009009009009009 0.015655577299412915 0.004629629629629629 0.01015228426395939 0.0 0.005813953488372093 0.0 0.01020408163265306 0.0 0.0 0.0 0.006493506493506494 0.0 0.0 0.004424778761061947 0.0 0.006024096385542169 0.003205128205128205 0.005319148936170213 0.00510204081632653 0.008 0.008130081300813009 0.010752688172043012 0.0 0.0 0.01
0.005249343832020997 0.005952380952380952 0.009009009009009009 0.011741682974559686 0.004629629629629629 0.01015228426395939 0.0053475935828877 0.0 0.0 0.01020408163265306 0.009708737864077669 0.010309278350515464 0.0 0.006493506493506494 0.005128205128205128 0.005263157894736842 0.004424778761061947 0.004545454545454545 0.006024096385542169 0.003205128205128205 0.005319148936170213 0.00510204081632653 0.008 0.008130081300813009 0.010752688172043012 0.009523809523809525 0.008264462809917356 0.01
0.010498687664041995 0.0 0.0 0.0136986301369863 0.0 0.0 0.0 0.0 0.009259259259259259 0.01020408163265306 0.0 0.0 0.004784688995215311 0.006493506493506494 0.0 0.0 0.004424778761061947 0.0 0.006024096385542169 0.00641025641025641 0.010638297872340425 0.01020408163265306 0.016 0.008130081300813009 0.0 0.0 0.0 0.01
0.028871391076115485 0.047619047619047616 0.018018018018018018 0.0136986301369863 0.046296296296296294 0.02030456852791878 0.026737967914438502 0.03488372093023256 0.018518518518518517 0.02040816326530612 0.019417475728155338 0.020618556701030927 0.04784688995215311 0.05194805194805195 0.020512820512820513 0.021052631578947368 0.04424778761061947 0.01818181818181818 0.060240963855421686 0.03205128205128205 0.0425531914893617 0.01020408163265306 0.016 0.016260162601626018 0.021505376344086023 0.01904761904761905 0.01652892561983471 0.02
0.005249343832020997 0.023809523809523808 0.018018018018018018 0.019569471624266144 0.018518518518518517 0.030456852791878174 0.016042780748663103 0.023255813953488372 0.018518518518518517 0.02040816326530612 0.019417475728155338 0.020618556701030927 0.019138755980861243 0.012987012987012988 0.020512820512820513 0.021052631578947368 0.017699115044247787 0.01818181818181818 0.024096385542168676 0.01282051282051282 0.010638297872340425 0.01020408163265306 0.016 0.016260162601626018 0.021505376344086023 0.01904761904761905 0.01652892561983471 0.02
0.005249343832020997 0.005952380952380952 0.009009009009009009 0.011741682974559686 0.004629629629629629 0.015228426395939087 0.0053475935828877 0.005813953488372093 0.0 0.01020408163265306 0.009708737864077669 0.010309278350515464 0.0 0.006493506493506494 0.005128205128205128 0.005263157894736842 0.004424778761061947 0.004545454545454545 0.006024096385542169 0.003205128205128205 0.005319148936170213 0.00510204081632653 0.008 0.008130081300813009 0.010752688172043012 0.009523809523809525 0.008264462809917356 0.01
0.0 0.011904761904761904 0.02702702702702703 0.0 0.027777777777777776 0.005076142131979695 0.0106951871657754 0.03488372093023256 0.027777777777777776 0.030612244897959183 0.019417475728155338 0.020618556701030927 0.028708133971291867 0.032467532467532464 0.010256410256410256 0.010526315789473684 0.022123893805309734 0.00909090909090909 0.03614457831325301 0.019230769230769232 0.031914893617021274 0.015306122448979591 0.024 0.024390243902439025 0.021505376344086023 0.01904761904761905 0.01652892561983471 0.03
0.013123359580052493 0.0 0.0 0.015655577299412915 0.0 0.005076142131979695 0.0053475935828877 0.005813953488372093 0.0 0.01020408163265306 0.0 0.010309278350515464 0.0 0.006493506493506494 0.0 0.005263157894736842 0.004424778761061947 0.004545454545454545 0.006024096385542169 0.003205128205128205 0.005319148936170213 0.00510204081632653 0.008 0.008130081300813009 0.0 0.009523809523809525 0.008264462809917356 0.01
0.005249343832020997 0.0 0.009009009009009009 0.0 0.004629629629629629 0.01015228426395939 0.0 0.005813953488372093 0.0 0.0 0.0 0.0 0.0 0.0 0.0 0.0 0.0 0.0 0.006024096385542169 0.003205128205128205 0.005319148936170213 0.00510204081632653 0.008 0.0 0.0 0.0 0.0 0.01
0.0 0.005952380952380952 0.018018018018018018 0.0 0.013888888888888888 0.02030456852791878 0.0213903743315508 0.0 0.018518518518518517 0.02040816326530612 0.019417475728155338 0.020618556701030927 0.019138755980861243 0.025974025974025976 0.015384615384615385 0.015789473684210527 0.017699115044247787 0.013636363636363636 0.018072289156626505 0.01282051282051282 0.02127659574468085 0.01020408163265306 0.016 0.016260162601626018 0.010752688172043012 0.01904761904761905 0.01652892561983471 0.02
0.005249343832020997 0.011904761904761904 0.018018018018018018 0.007827788649706457 0.009259259259259259 0.0 0.0213903743315508 0.01744186046511628 0.018518518518518517 0.02040816326530612 0.019417475728155338 0.020618556701030927 0.019138755980861243 0.025974025974025976 0.010256410256410256 0.015789473684210527 0.017699115044247787 0.013636363636363636 0.006024096385542169 0.01282051282051282 0.02127659574468085 0.01020408163265306 0.016 0.016260162601626018 0.021505376344086023 0.01904761904761905 0.01652892561983471 0.01
0.013123359580052493 0.005952380952380952 0.009009009009009009 0.0 0.004629629629629629 0.0 0.0053475935828877 0.005813953488372093 0.009259259259259259 0.0 0.009708737864077669 0.010309278350515464 0.004784688995215311 0.0 0.005128205128205128 0.005263157894736842 0.004424778761061947 0.004545454545454545 0.006024096385542169 0.003205128205128205 0.0 0.00510204081632653 0.0 0.008130081300813009 0.010752688172043012 0.009523809523809525 0.008264462809917356 0.01
0.0 0.03571428571428571 0.018018018018018018 0.0 0.027777777777777776 0.0 0.0213903743315508 0.01744186046511628 0.018518518518518517 0.02040816326530612 0.019417475728155338 0.020618556701030927 0.028708133971291867 0.01948051948051948 0.03076923076923077 0.031578947368421054 0.02654867256637168 0.02727272727272727 0.0 0.019230769230769232 0.015957446808510637 0.01020408163265306 0.016 0.016260162601626018 0.021505376344086023 0.01904761904761905 0.01652892561983471 0.0
0.013123359580052493 0.005952380952380952 0.018018018018018018 0.0 0.018518518518518517 0.0 0.0106951871657754 0.03488372093023256 0.018518518518518517 0.02040816326530612 0.019417475728155338 0.020618556701030927 0.023923444976076555 0.012987012987012988 0.020512820512820513 0.031578947368421054 0.02654867256637168 0.02727272727272727 0.0 0.019230769230769232 0.010638297872340425 0.01020408163265306 0.016 0.016260162601626018 0.010752688172043012 0.01904761904761905 0.01652892561983471 0.0
0.0026246719160104987 0.0 0.0 0.005870841487279843 0.0 0.0 0.0 0.0 0.0 0.0 0.0 0.0 0.0 0.0 0.0 0.0 0.0 0.0 0.0 0.003205128205128205 0.005319148936170213 0.00510204081632653 0.008 0.0 0.0 0.0 0.0 0.0
0.013123359580052493 0.0 0.009009009009009009 0.009784735812133072 0.004629629629629629 0.005076142131979695 0.0 0.005813953488372093 0.0 0.0 0.0 0.0 0.0 0.0 0.0 0.0 0.0 0.0 0.0 0.003205128205128205 0.005319148936170213 0.00510204081632653 0.008 0.0 0.0 0.0 0.0 0.0
0.0 0.005952380952380952 0.0 0.0019569471624266144 0.0 0.005076142131979695 0.0 0.0 0.0 0.01020408163265306 0.0 0.0 0.0 0.006493506493506494 0.0 0.0 0.004424778761061947 0.0 0.0 0.00641025641025641 0.005319148936170213 0.01020408163265306 0.008 0.008130081300813009 0.010752688172043012 0.0 0.0 0.0
0.0 0.0 0.018018018018018018 0.0 0.009259259259259259 0.02030456852791878 0.0 0.0 0.009259259259259259 0.0 0.019417475728155338 0.0 0.004784688995215311 0.0 0.010256410256410256 0.0 0.0 0.00909090909090909 0.006024096385542169 0.00641025641025641 0.005319148936170213 0.01020408163265306 0.008 0.0 0.0 0.0 0.01652892561983471 0.01
0.0 0.0 0.0 0.0019569471624266144 0.0 0.0 0.0 0.0 0.0 0.0 0.0 0.0 0.0 0.0 0.0 0.0 0.0 0.0 0.0 0.003205128205128205 0.005319148936170213 0.00510204081632653 0.008 0.0 0.0 0.0 0.0 0.0
0.0 0.0 0.0 0.0 0.0 0.01015228426395939 0.0 0.0 0.0 0.0 0.0 0.0 0.0 0.0 0.0 0.0 0.0 0.004545454545454545 0.0 0.003205128205128205 0.005319148936170213 0.00510204081632653 0.008 0.0 0.0 0.0 0.008264462809917356 0.0
0.0 0.0 0.0 0.0 0.0 0.005076142131979695 0.0 0.0 0.0 0.0 0.0 0.0 0.0 0.0 0.0 0.0 0.0 0.0 0.0 0.003205128205128205 0.0 0.00510204081632653 0.0 0.0 0.0 0.0 0.0 0.0
0.0 0.005952380952380952 0.036036036036036036 0.0 0.037037037037037035 0.0 0.0 0.01744186046511628 0.037037037037037035 0.0 0.038834951456310676 0.0 0.0430622009569378 0.0 0.02564102564102564 0.0 0.0 0.022727272727272728 0.012048192771084338 0.03205128205128205 0.0425531914893617 0.02040816326530612 0.032 0.0 0.010752688172043012 0.0 0.03305785123966942 0.02
0.0 0.017857142857142856 0.018018018018018018 0.0 0.013888888888888888 0.0 0.016042780748663103 0.005813953488372093 0.009259259259259259 0.01020408163265306 0.019417475728155338 0.020618556701030927 0.004784688995215311 0.006493506493506494 0.015384615384615385 0.015789473684210527 0.01327433628318584 0.013636363636363636 0.0 0.009615384615384616 0.005319148936170213 0.01020408163265306 0.008 0.016260162601626018 0.021505376344086023 0.01904761904761905 0.01652892561983471 0.0
0.0026246719160104987 0.011904761904761904 0.036036036036036036 0.005870841487279843 0.023148148148148147 0.005076142131979695 0.0106951871657754 0.0 0.009259259259259259 0.01020408163265306 0.02912621359223301 0.010309278350515464 0.004784688995215311 0.006493506493506494 0.015384615384615385 0.005263157894736842 0.004424778761061947 0.013636363636363636 0.006024096385542169 0.016025641025641024 0.015957446808510637 0.02040816326530612 0.024 0.008130081300813009 0.021505376344086023 0.01904761904761905 0.024793388429752067 0.01
0.0 0.005952380952380952 0.009009009009009009 0.0 0.004629629629629629 0.0 0.0053475935828877 0.005813953488372093 0.0 0.0 0.009708737864077669 0.010309278350515464 0.0 0.0 0.005128205128205128 0.005263157894736842 0.004424778761061947 0.004545454545454545 0.006024096385542169 0.003205128205128205 0.0 0.00510204081632653 0.0 0.008130081300813009 0.010752688172043012 0.009523809523809525 0.008264462809917356 0.01
0.0026246719160104987 0.011904761904761904 0.0 0.0 0.0 0.0 0.0213903743315508 0.011627906976744186 0.009259259259259259 0.01020408163265306 0.0 0.030927835051546393 0.004784688995215311 0.006493506493506494 0.0 0.015789473684210527 0.017699115044247787 0.013636363636363636 0.0 0.01282051282051282 0.005319148936170213 0.02040816326530612 0.008 0.032520325203252036 0.021505376344086023 0.0380952380952381 0.024793388429752067 0.0
0.005249343832020997 0.0 0.018018018018018018 0.0 0.009259259259259259 0.0 0.0213903743315508 0.0 0.027777777777777776 0.01020408163265306 0.019417475728155338 0.020618556701030927 0.014354066985645933 0.006493506493506494 0.010256410256410256 0.010526315789473684 0.017699115044247787 0.00909090909090909 0.0 0.01282051282051282 0.005319148936170213 0.02040816326530612 0.008 0.032520325203252036 0.0 0.0380952380952381 0.01652892561983471 0.0
0.0026246719160104987 0.005952380952380952 0.0 0.0019569471624266144 0.0 0.0 0.0106951871657754 0.0 0.018518518518518517 0.01020408163265306 0.0 0.020618556701030927 0.009569377990430622 0.006493506493506494 0.0 0.010526315789473684 0.008849557522123894 0.00909090909090909 0.0 0.00641025641025641 0.005319148936170213 0.01020408163265306 0.008 0.016260162601626018 0.010752688172043012 0.01904761904761905 0.01652892561983471 0.0
0.0 0.03571428571428571 0.036036036036036036 0.0019569471624266144 0.023148148148148147 0.0 0.0 0.011627906976744186 0.027777777777777776 0.01020408163265306 0.038834951456310676 0.010309278350515464 0.014354066985645933 0.006493506493506494 0.02564102564102564 0.005263157894736842 0.004424778761061947 0.02727272727272727 0.006024096385542169 0.019230769230769232 0.015957446808510637 0.02040816326530612 0.024 0.008130081300813009 0.043010752688172046 0.0 0.03305785123966942 0.01
0.0 0.011904761904761904 0.018018018018018018 0.0 0.009259259259259259 0.0 0.0106951871657754 0.011627906976744186 0.009259259259259259 0.0 0.019417475728155338 0.0 0.004784688995215311 0.0 0.010256410256410256 0.0 0.0 0.00909090909090909 0.006024096385542169 0.00641025641025641 0.005319148936170213 0.01020408163265306 0.008 0.0 0.021505376344086023 0.01904761904761905 0.01652892561983471 0.01
0.005249343832020997 0.005952380952380952 0.009009009009009009 0.003913894324853229 0.004629629629629629 0.0 0.0 0.005813953488372093 0.0 0.0 0.009708737864077669 0.010309278350515464 0.0 0.0 0.005128205128205128 0.005263157894736842 0.004424778761061947 0.004545454545454545 0.006024096385542169 0.003205128205128205 0.0 0.00510204081632653 0.0 0.008130081300813009 0.010752688172043012 0.0 0.008264462809917356 0.01
0.015748031496062992 0.005952380952380952 0.009009009009009009 0.0 0.004629629629629629 0.0 0.0 0.005813953488372093 0.0 0.01020408163265306 0.009708737864077669 0.010309278350515464 0.0 0.006493506493506494 0.005128205128205128 0.005263157894736842 0.004424778761061947 0.004545454545454545 0.0 0.003205128205128205 0.005319148936170213 0.00510204081632653 0.008 0.008130081300813009 0.010752688172043012 0.0 0.008264462809917356 0.0
0.0026246719160104987 0.0 0.0 0.005870841487279843 0.0 0.015228426395939087 0.0 0.0 0.0 0.0 0.0 0.0 0.0 0.0 0.0 0.0 0.0 0.0 0.0 0.003205128205128205 0.0 0.00510204081632653 0.0 0.0 0.0 0.0 0.0 0.0
0.005249343832020997 0.0 0.0 0.005870841487279843 0.0 0.005076142131979695 0.0 0.0 0.0 0.0 0.0 0.0 0.0 0.0 0.0 0.0 0.0 0.0 0.0 0.003205128205128205 0.0 0.00510204081632653 0.0 0.0 0.0 0.0 0.0 0.0
0.0 0.005952380952380952 0.0 0.0 0.0 0.005076142131979695 0.0 0.0 0.0 0.0 0.0 0.0 0.0 0.0 0.0 0.0 0.0 0.0 0.0 0.003205128205128205 0.0 0.00510204081632653 0.0 0.0 0.010752688172043012 0.0 0.0 0.0
0.0026246719160104987 0.0 0.0 0.007827788649706457 0.0 0.005076142131979695 0.0106951871657754 0.005813953488372093 0.018518518518518517 0.0 0.0 0.010309278350515464 0.009569377990430622 0.0 0.0 0.005263157894736842 0.008849557522123894 0.004545454545454545 0.012048192771084338 0.00641025641025641 0.0 0.01020408163265306 0.0 0.016260162601626018 0.0 0.01904761904761905 0.008264462809917356 0.02
0.0026246719160104987 0.0 0.0 0.007827788649706457 0.0 0.01015228426395939 0.0106951871657754 0.0 0.009259259259259259 0.0 0.0 0.0 0.004784688995215311 0.0 0.0 0.0 0.008849557522123894 0.0 0.006024096385542169 0.00641025641025641 0.0 0.01020408163265306 0.0 0.016260162601626018 0.0 0.01904761904761905 0.0 0.01
0.0 0.0 0.0 0.0 0.0 0.01015228426395939 0.0053475935828877 0.0 0.009259259259259259 0.0 0.0 0.0 0.004784688995215311 0.0 0.0 0.0 0.0 0.004545454545454545 0.0 0.003205128205128205 0.0 0.00510204081632653 0.0 0.0 0.0 0.009523809523809525 0.008264462809917356 0.0
0.0 0.005952380952380952 0.009009009009009009 0.0 0.004629629629629629 0.005076142131979695 0.0053475935828877 0.0 0.0 0.0 0.009708737864077669 0.010309278350515464 0.0 0.0 0.005128205128205128 0.005263157894736842 0.004424778761061947 0.004545454545454545 0.0 0.003205128205128205 0.0 0.00510204081632653 0.0 0.008130081300813009 0.010752688172043012 0.009523809523809525 0.008264462809917356 0.0
0.0 0.0 0.0 0.0019569471624266144 0.0 0.0 0.0053475935828877 0.0 0.0 0.0 0.0 0.0 0.0 0.0 0.0 0.0 0.0 0.0 0.0 0.003205128205128205 0.0 0.00510204081632653 0.0 0.0 0.0 0.009523809523809525 0.0 0.0
0.0 0.005952380952380952 0.009009009009009009 0.0 0.004629629629629629 0.0 0.0 0.0 0.0 0.0 0.009708737864077669 0.0 0.0 0.0 0.005128205128205128 0.0 0.0 0.004545454545454545 0.006024096385542169 0.003205128205128205 0.0 0.00510204081632653 0.0 0.0 0.010752688172043012 0.0 0.008264462809917356 0.01
0.0 0.0 0.0 0.0 0.0 0.0 0.0 0.0 0.0 0.0 0.0 0.0 0.0 0.0 0.0 0.0 0.0 0.0 0.0 0.003205128205128205 0.0 0.00510204081632653 0.0 0.0 0.0 0.0 0.0 0.0
0.0 0.0 0.0 0.0 0.0 0.0 0.0 0.0 0.0 0.0 0.0 0.0 0.0 0.0 0.0 0.0 0.0 0.0 0.0 0.003205128205128205 0.005319148936170213 0.00510204081632653 0.008 0.0 0.0 0.0 0.0 0.0
0.0 0.0 0.0 0.003913894324853229 0.0 0.0 0.0 0.0 0.0 0.0 0.0 0.0 0.0 0.0 0.0 0.0 0.004424778761061947 0.0 0.006024096385542169 0.003205128205128205 0.0 0.00510204081632653 0.0 0.008130081300813009 0.0 0.0 0.0 0.01
0.0026246719160104987 0.0 0.009009009009009009 0.0 0.004629629629629629 0.005076142131979695 0.0053475935828877 0.0 0.0 0.0 0.009708737864077669 0.0 0.0 0.0 0.005128205128205128 0.0 0.0 0.004545454545454545 0.006024096385542169 0.003205128205128205 0.0 0.00510204081632653 0.0 0.0 0.0 0.009523809523809525 0.008264462809917356 0.01
0.0 0.0 0.009009009009009009 0.0 0.004629629629629629 0.0 0.0 0.0 0.0 0.0 0.0 0.0 0.0 0.0 0.0 0.0 0.0 0.0 0.0 0.00641025641025641 0.0 0.01020408163265306 0.0 0.0 0.0 0.0 0.0 0.0
0.0 0.0 0.0 0.0019569471624266144 0.0 0.005076142131979695 0.0 0.0 0.0 0.0 0.0 0.0 0.0 0.0 0.0 0.0 0.0 0.0 0.0 0.003205128205128205 0.0 0.00510204081632653 0.0 0.0 0.0 0.0 0.0 0.0
0.0 0.005952380952380952 0.0 0.0 0.0 0.0 0.0 0.0 0.0 0.0 0.0 0.0 0.0 0.0 0.0 0.0 0.0 0.004545454545454545 0.0 0.00641025641025641 0.005319148936170213 0.01020408163265306 0.008 0.0 0.010752688172043012 0.0 0.008264462809917356 0.0
0.0 0.005952380952380952 0.009009009009009009 0.0 0.004629629629629629 0.0 0.0 0.0 0.018518518518518517 0.0 0.0 0.0 0.009569377990430622 0.0 0.0 0.0 0.0 0.0 0.0 0.00641025641025641 0.005319148936170213 0.01020408163265306 0.008 0.0 0.010752688172043012 0.0 0.0 0.0
0.0 0.0 0.0 0.0 0.0 0.0 0.0 0.0 0.0 0.0 0.0 0.0 0.0 0.0 0.0 0.0 0.0 0.0 0.0 0.00641025641025641 0.005319148936170213 0.01020408163265306 0.008 0.0 0.0 0.0 0.0 0.0
0.0 0.0 0.009009009009009009 0.0 0.004629629629629629 0.0 0.0 0.0 0.0 0.0 0.009708737864077669 0.0 0.0 0.0 0.005128205128205128 0.0 0.0 0.004545454545454545 0.006024096385542169 0.00641025641025641 0.0 0.01020408163265306 0.0 0.0 0.0 0.0 0.008264462809917356 0.01
0.0 0.005952380952380952 0.0 0.0 0.0 0.0 0.0 0.0 0.0 0.0 0.0 0.0 0.0 0.0 0.0 0.0 0.0 0.0 0.0 0.003205128205128205 0.005319148936170213 0.00510204081632653 0.008 0.0 0.010752688172043012 0.0 0.0 0.0
0.0 0.0 0.0 0.007827788649706457 0.0 0.0 0.0 0.0 0.0 0.0 0.0 0.0 0.0 0.0 0.0 0.0 0.0 0.0 0.0 0.003205128205128205 0.0 0.00510204081632653 0.0 0.0 0.0 0.0 0.0 0.0
0.0 0.0 0.0 0.0 0.0 0.0 0.0 0.0 0.0 0.01020408163265306 0.0 0.0 0.0 0.006493506493506494 0.0 0.0 0.004424778761061947 0.0 0.006024096385542169 0.003205128205128205 0.005319148936170213 0.00510204081632653 0.008 0.008130081300813009 0.0 0.0 0.0 0.01
0.0 0.0 0.0 0.0 0.0 0.015228426395939087 0.0 0.0 0.0 0.0 0.0 0.0 0.0 0.0 0.0 0.0 0.0 0.004545454545454545 0.006024096385542169 0.00641025641025641 0.0 0.01020408163265306 0.0 0.0 0.0 0.0 0.008264462809917356 0.01
0.0 0.005952380952380952 0.0 0.0 0.0 0.0 0.0053475935828877 0.005813953488372093 0.0 0.0 0.0 0.0 0.0 0.0 0.0 0.0 0.0 0.0 0.006024096385542169 0.003205128205128205 0.0 0.00510204081632653 0.0 0.0 0.010752688172043012 0.009523809523809525 0.0 0.01
0.0 0.0 0.0 0.0019569471624266144 0.0 0.0 0.0 0.0 0.009259259259259259 0.0 0.0 0.0 0.004784688995215311 0.0 0.0 0.0 0.0 0.0 0.0 0.003205128205128205 0.005319148936170213 0.00510204081632653 0.008 0.0 0.0 0.0 0.0 0.0
0.0 0.0 0.0 0.0 0.0 0.0 0.0 0.0 0.0 0.0 0.0 0.0 0.0 0.0 0.0 0.0 0.0 0.0 0.006024096385542169 0.003205128205128205 0.0 0.00510204081632653 0.0 0.0 0.0 0.0 0.0 0.01
0.0 0.005952380952380952 0.0 0.0 0.0 0.0 0.0 0.0 0.0 0.0 0.0 0.0 0.0 0.0 0.0 0.0 0.004424778761061947 0.0 0.0 0.003205128205128205 0.0 0.00510204081632653 0.0 0.008130081300813009 0.010752688172043012 0.0 0.0 0.0
0.0 0.0 0.0 0.0 0.0 0.0 0.0 0.0 0.0 0.0 0.0 0.0 0.0 0.0 0.0 0.0 0.008849557522123894 0.0 0.0 0.00641025641025641 0.0 0.01020408163265306 0.0 0.016260162601626018 0.0 0.0 0.0 0.0
0.0 0.0 0.0 0.0019569471624266144 0.0 0.0 0.0 0.0 0.0 0.0 0.0 0.0 0.0 0.0 0.0 0.0 0.004424778761061947 0.0 0.006024096385542169 0.003205128205128205 0.0 0.00510204081632653 0.0 0.008130081300813009 0.0 0.0 0.0 0.01
