0.0 0.006622516556291391 0.0 0.007751937984496124 0.0 0.0
0.05128205128205128 0.026490066225165563 0.04639175257731959 0.023255813953488372 0.04054054054054054 0.04838709677419355
0.0641025641025641 0.033112582781456956 0.05154639175257732 0.023255813953488372 0.04054054054054054 0.04838709677419355
0.07692307692307693 0.039735099337748346 0.030927835051546393 0.046511627906976744 0.08108108108108109 0.0967741935483871
0.01282051282051282 0.006622516556291391 0.02577319587628866 0.007751937984496124 0.013513513513513514 0.016129032258064516
0.01282051282051282 0.006622516556291391 0.041237113402061855 0.007751937984496124 0.013513513513513514 0.016129032258064516
0.038461538461538464 0.019867549668874173 0.02577319587628866 0.015503875968992248 0.02702702702702703 0.03225806451612903
0.01282051282051282 0.006622516556291391 0.0 0.007751937984496124 0.0 0.016129032258064516
0.038461538461538464 0.019867549668874173 0.010309278350515464 0.0 0.0 0.0
0.02564102564102564 0.013245033112582781 0.04639175257731959 0.015503875968992248 0.02702702702702703 0.03225806451612903
0.038461538461538464 0.026490066225165563 0.020618556701030927 0.015503875968992248 0.02702702702702703 0.03225806451612903
0.02564102564102564 0.013245033112582781 0.010309278350515464 0.007751937984496124 0.013513513513513514 0.016129032258064516
0.01282051282051282 0.006622516556291391 0.010309278350515464 0.007751937984496124 0.013513513513513514 0.016129032258064516
0.01282051282051282 0.006622516556291391 0.030927835051546393 0.007751937984496124 0.013513513513513514 0.016129032258064516
0.0 0.006622516556291391 0.005154639175257732 0.007751937984496124 0.013513513513513514 0.0
0.02564102564102564 0.013245033112582781 0.02577319587628866 0.007751937984496124 0.013513513513513514 0.016129032258064516
0.0 0.006622516556291391 0.015463917525773196 0.007751937984496124 0.013513513513513514 0.0
0.01282051282051282 0.006622516556291391 0.015463917525773196 0.007751937984496124 0.013513513513513514 0.016129032258064516
0.0 0.006622516556291391 0.010309278350515464 0.007751937984496124 0.013513513513513514 0.0
0.0 0.006622516556291391 0.02577319587628866 0.007751937984496124 0.013513513513513514 0.0
0.01282051282051282 0.006622516556291391 0.005154639175257732 0.007751937984496124 0.013513513513513514 0.016129032258064516
0.07692307692307693 0.046357615894039736 0.020618556701030927 0.015503875968992248 0.02702702702702703 0.03225806451612903
0.01282051282051282 0.019867549668874173 0.030927835051546393 0.015503875968992248 0.02702702702702703 0.016129032258064516
0.01282051282051282 0.006622516556291391 0.020618556701030927 0.007751937984496124 0.013513513513513514 0.016129032258064516
0.0 0.013245033112582781 0.030927835051546393 0.015503875968992248 0.02702702702702703 0.0
0.0 0.006622516556291391 0.020618556701030927 0.007751937984496124 0.013513513513513514 0.0
0.01282051282051282 0.013245033112582781 0.030927835051546393 0.007751937984496124 0.013513513513513514 0.016129032258064516
0.0 0.013245033112582781 0.015463917525773196 0.007751937984496124 0.013513513513513514 0.0
0.02564102564102564 0.013245033112582781 0.015463917525773196 0.007751937984496124 0.013513513513513514 0.016129032258064516
0.02564102564102564 0.013245033112582781 0.010309278350515464 0.015503875968992248 0.02702702702702703 0.03225806451612903
0.01282051282051282 0.013245033112582781 0.0 0.007751937984496124 0.0 0.016129032258064516
