0.0 0.0 0.0 0.0 0.0 0.0 0.0 0.0 0.0 0.0 0.006622516556291391 0.0 0.007751937984496124 0.0 0.0
0.043010752688172046 0.06060606060606061 0.05970149253731343 0.058823529411764705 0.04 0.04477611940298507 0.057692307692307696 0.058823529411764705 0.03424657534246575 0.05128205128205128 0.026490066225165563 0.04639175257731959 0.023255813953488372 0.04054054054054054 0.04838709677419355
0.010752688172043012 0.07575757575757576 0.07462686567164178 0.04411764705882353 0.02666666666666667 0.014925373134328358 0.057692307692307696 0.058823529411764705 0.06164383561643835 0.0641025641025641 0.033112582781456956 0.05154639175257732 0.023255813953488372 0.04054054054054054 0.04838709677419355
0.043010752688172046 0.06060606060606061 0.08955223880597014 0.04411764705882353 0.04 0.04477611940298507 0.11538461538461539 0.11764705882352941 0.0136986301369863 0.07692307692307693 0.039735099337748346 0.030927835051546393 0.046511627906976744 0.08108108108108109 0.0967741935483871
0.043010752688172046 0.045454545454545456 0.014925373134328358 0.08823529411764706 0.05333333333333334 0.05970149253731343 0.019230769230769232 0.0196078431372549 0.0136986301369863 0.01282051282051282 0.006622516556291391 0.02577319587628866 0.007751937984496124 0.013513513513513514 0.016129032258064516
0.0 0.015151515151515152 0.014925373134328358 0.04411764705882353 0.0 0.0 0.019230769230769232 0.0196078431372549 0.0547945205479452 0.01282051282051282 0.006622516556291391 0.041237113402061855 0.007751937984496124 0.013513513513513514 0.016129032258064516
0.010752688172043012 0.015151515151515152 0.04477611940298507 0.014705882352941176 0.013333333333333334 0.014925373134328358 0.038461538461538464 0.0392156862745098 0.0684931506849315 0.038461538461538464 0.019867549668874173 0.02577319587628866 0.015503875968992248 0.02702702702702703 0.03225806451612903
0.0 0.015151515151515152 0.014925373134328358 0.014705882352941176 0.0 0.0 0.0 0.0196078431372549 0.0 0.01282051282051282 0.006622516556291391 0.0 0.007751937984496124 0.0 0.016129032258064516
0.021505376344086023 0.10606060606060606 0.04477611940298507 0.014705882352941176 0.013333333333333334 0.014925373134328358 0.0 0.0 0.0 0.038461538461538464 0.019867549668874173 0.010309278350515464 0.0 0.0 0.0
0.03225806451612903 0.045454545454545456 0.029850746268656716 0.014705882352941176 0.02666666666666667 0.029850746268656716 0.038461538461538464 0.0392156862745098 0.02054794520547945 0.02564102564102564 0.013245033112582781 0.04639175257731959 0.015503875968992248 0.02702702702702703 0.03225806451612903
0.021505376344086023 0.015151515151515152 0.04477611940298507 0.029411764705882353 0.02666666666666667 0.029850746268656716 0.038461538461538464 0.0392156862745098 0.0273972602739726 0.038461538461538464 0.026490066225165563 0.020618556701030927 0.015503875968992248 0.02702702702702703 0.03225806451612903
0.0 0.015151515151515152 0.029850746268656716 0.0 0.0 0.0 0.019230769230769232 0.0196078431372549 0.00684931506849315 0.02564102564102564 0.013245033112582781 0.010309278350515464 0.007751937984496124 0.013513513513513514 0.016129032258064516
0.010752688172043012 0.0 0.014925373134328358 0.04411764705882353 0.013333333333333334 0.014925373134328358 0.019230769230769232 0.0196078431372549 0.02054794520547945 0.01282051282051282 0.006622516556291391 0.010309278350515464 0.007751937984496124 0.013513513513513514 0.016129032258064516
0.010752688172043012 0.015151515151515152 0.014925373134328358 0.04411764705882353 0.013333333333333334 0.014925373134328358 0.019230769230769232 0.0196078431372549 0.0 0.01282051282051282 0.006622516556291391 0.030927835051546393 0.007751937984496124 0.013513513513513514 0.016129032258064516
0.0 0.015151515151515152 0.0 0.0 0.0 0.0 0.0 0.0 0.02054794520547945 0.0 0.006622516556291391 0.005154639175257732 0.007751937984496124 0.013513513513513514 0.0
0.010752688172043012 0.045454545454545456 0.029850746268656716 0.0 0.0 0.0 0.019230769230769232 0.0196078431372549 0.02054794520547945 0.02564102564102564 0.013245033112582781 0.02577319587628866 0.007751937984496124 0.013513513513513514 0.016129032258064516
0.010752688172043012 0.015151515151515152 0.0 0.029411764705882353 0.013333333333333334 0.014925373134328358 0.0 0.0 0.02054794520547945 0.0 0.006622516556291391 0.015463917525773196 0.007751937984496124 0.013513513513513514 0.0
0.053763440860215055 0.0 0.014925373134328358 0.0 0.05333333333333334 0.05970149253731343 0.019230769230769232 0.0196078431372549 0.0273972602739726 0.01282051282051282 0.006622516556291391 0.015463917525773196 0.007751937984496124 0.013513513513513514 0.016129032258064516
0.021505376344086023 0.0 0.0 0.014705882352941176 0.02666666666666667 0.029850746268656716 0.0 0.0 0.03424657534246575 0.0 0.006622516556291391 0.010309278350515464 0.007751937984496124 0.013513513513513514 0.0
0.03225806451612903 0.0 0.0 0.0 0.02666666666666667 0.029850746268656716 0.0 0.0 0.04794520547945205 0.0 0.006622516556291391 0.010309278350515464 0.007751937984496124 0.013513513513513514 0.0
0.010752688172043012 0.0 0.0 0.0 0.0 0.0 0.0 0.0 0.0273972602739726 0.0 0.006622516556291391 0.02577319587628866 0.007751937984496124 0.013513513513513514 0.0
0.043010752688172046 0.015151515151515152 0.014925373134328358 0.0 0.05333333333333334 0.05970149253731343 0.019230769230769232 0.0196078431372549 0.00684931506849315 0.01282051282051282 0.006622516556291391 0.015463917525773196 0.007751937984496124 0.013513513513513514 0.016129032258064516
0.03225806451612903 0.0 0.0 0.014705882352941176 0.0 0.0 0.019230769230769232 0.0 0.0684931506849315 0.01282051282051282 0.006622516556291391 0.005154639175257732 0.007751937984496124 0.013513513513513514 0.016129032258064516
0.010752688172043012 0.030303030303030304 0.1044776119402985 0.0 0.013333333333333334 0.014925373134328358 0.038461538461538464 0.0392156862745098 0.0 0.07692307692307693 0.046357615894039736 0.020618556701030927 0.015503875968992248 0.02702702702702703 0.03225806451612903
0.021505376344086023 0.015151515151515152 0.0 0.029411764705882353 0.013333333333333334 0.014925373134328358 0.0 0.0 0.0136986301369863 0.0 0.006622516556291391 0.015463917525773196 0.007751937984496124 0.013513513513513514 0.0
0.010752688172043012 0.015151515151515152 0.0 0.014705882352941176 0.013333333333333334 0.014925373134328358 0.0 0.0 0.04794520547945205 0.0 0.006622516556291391 0.005154639175257732 0.007751937984496124 0.013513513513513514 0.0
0.010752688172043012 0.0 0.0 0.029411764705882353 0.0 0.0 0.019230769230769232 0.0 0.0136986301369863 0.01282051282051282 0.019867549668874173 0.030927835051546393 0.015503875968992248 0.02702702702702703 0.016129032258064516
0.021505376344086023 0.0 0.014925373134328358 0.029411764705882353 0.02666666666666667 0.029850746268656716 0.0 0.0196078431372549 0.0547945205479452 0.01282051282051282 0.006622516556291391 0.0 0.007751937984496124 0.0 0.016129032258064516
0.03225806451612903 0.015151515151515152 0.014925373134328358 0.014705882352941176 0.05333333333333334 0.04477611940298507 0.019230769230769232 0.0196078431372549 0.02054794520547945 0.01282051282051282 0.006622516556291391 0.020618556701030927 0.007751937984496124 0.013513513513513514 0.016129032258064516
0.03225806451612903 0.0 0.0 0.014705882352941176 0.02666666666666667 0.029850746268656716 0.0 0.0 0.0 0.0 0.013245033112582781 0.030927835051546393 0.015503875968992248 0.02702702702702703 0.0
0.010752688172043012 0.015151515151515152 0.014925373134328358 0.0 0.013333333333333334 0.014925373134328358 0.0 0.0196078431372549 0.0 0.0 0.006622516556291391 0.020618556701030927 0.007751937984496124 0.013513513513513514 0.0
0.021505376344086023 0.0 0.0 0.014705882352941176 0.04 0.029850746268656716 0.0 0.0 0.0 0.0 0.006622516556291391 0.010309278350515464 0.007751937984496124 0.013513513513513514 0.0
0.021505376344086023 0.015151515151515152 0.014925373134328358 0.0 0.0 0.0 0.019230769230769232 0.0196078431372549 0.00684931506849315 0.01282051282051282 0.006622516556291391 0.005154639175257732 0.007751937984496124 0.013513513513513514 0.016129032258064516
0.043010752688172046 0.0 0.0 0.07352941176470588 0.02666666666666667 0.029850746268656716 0.019230769230769232 0.0 0.04794520547945205 0.01282051282051282 0.006622516556291391 0.02577319587628866 0.007751937984496124 0.013513513513513514 0.016129032258064516
0.03225806451612903 0.0 0.014925373134328358 0.0 0.013333333333333334 0.014925373134328358 0.019230769230769232 0.0196078431372549 0.0 0.01282051282051282 0.006622516556291391 0.02577319587628866 0.007751937984496124 0.013513513513513514 0.016129032258064516
0.0 0.015151515151515152 0.0 0.029411764705882353 0.0 0.0 0.019230769230769232 0.0 0.0136986301369863 0.01282051282051282 0.006622516556291391 0.005154639175257732 0.007751937984496124 0.013513513513513514 0.016129032258064516
0.0 0.015151515151515152 0.0 0.0 0.0 0.0 0.019230769230769232 0.0 0.00684931506849315 0.01282051282051282 0.006622516556291391 0.005154639175257732 0.007751937984496124 0.013513513513513514 0.016129032258064516
0.021505376344086023 0.0 0.0 0.029411764705882353 0.02666666666666667 0.029850746268656716 0.0 0.0 0.03424657534246575 0.0 0.006622516556291391 0.015463917525773196 0.007751937984496124 0.013513513513513514 0.0
0.0 0.0 0.014925373134328358 0.014705882352941176 0.0 0.0 0.019230769230769232 0.0196078431372549 0.00684931506849315 0.01282051282051282 0.013245033112582781 0.030927835051546393 0.007751937984496124 0.013513513513513514 0.016129032258064516
0.021505376344086023 0.0 0.0 0.014705882352941176 0.013333333333333334 0.014925373134328358 0.019230769230769232 0.0 0.02054794520547945 0.01282051282051282 0.006622516556291391 0.005154639175257732 0.007751937984496124 0.013513513513513514 0.016129032258064516
0.03225806451612903 0.0 0.014925373134328358 0.04411764705882353 0.013333333333333334 0.014925373134328358 0.0 0.0196078431372549 0.00684931506849315 0.0 0.006622516556291391 0.0 0.007751937984496124 0.0 0.0
0.03225806451612903 0.030303030303030304 0.0 0.0 0.04 0.04477611940298507 0.019230769230769232 0.0 0.0 0.01282051282051282 0.006622516556291391 0.030927835051546393 0.007751937984496124 0.013513513513513514 0.016129032258064516
0.0 0.0 0.0 0.014705882352941176 0.0 0.0 0.0 0.0 0.0136986301369863 0.0 0.006622516556291391 0.015463917525773196 0.007751937984496124 0.013513513513513514 0.0
0.0 0.015151515151515152 0.0 0.0 0.0 0.0 0.0 0.0 0.0 0.0 0.013245033112582781 0.015463917525773196 0.007751937984496124 0.013513513513513514 0.0
0.03225806451612903 0.015151515151515152 0.014925373134328358 0.0 0.04 0.04477611940298507 0.019230769230769232 0.0196078431372549 0.0 0.01282051282051282 0.006622516556291391 0.02577319587628866 0.007751937984496124 0.013513513513513514 0.016129032258064516
0.010752688172043012 0.030303030303030304 0.0 0.029411764705882353 0.0 0.0 0.019230769230769232 0.0 0.0273972602739726 0.01282051282051282 0.006622516556291391 0.010309278350515464 0.007751937984496124 0.013513513513513514 0.016129032258064516
0.021505376344086023 0.0 0.014925373134328358 0.0 0.05333333333333334 0.029850746268656716 0.0 0.0196078431372549 0.0 0.01282051282051282 0.006622516556291391 0.0 0.007751937984496124 0.0 0.016129032258064516
0.010752688172043012 0.045454545454545456 0.014925373134328358 0.0 0.013333333333333334 0.014925373134328358 0.019230769230769232 0.0196078431372549 0.0 0.02564102564102564 0.013245033112582781 0.015463917525773196 0.007751937984496124 0.013513513513513514 0.016129032258064516
0.0 0.0 0.029850746268656716 0.0 0.0 0.0 0.019230769230769232 0.0196078431372549 0.0 0.02564102564102564 0.013245033112582781 0.010309278350515464 0.007751937984496124 0.013513513513513514 0.016129032258064516
0.0 0.0 0.0 0.014705882352941176 0.0 0.0 0.0 0.0 0.0 0.0 0.006622516556291391 0.005154639175257732 0.007751937984496124 0.013513513513513514 0.0
0.0 0.015151515151515152 0.0 0.0 0.0 0.0 0.0 0.0 0.00684931506849315 0.0 0.006622516556291391 0.005154639175257732 0.007751937984496124 0.013513513513513514 0.0
0.0 0.0 0.0 0.0 0.0 0.0 0.0 0.0 0.0 0.0 0.006622516556291391 0.005154639175257732 0.007751937984496124 0.013513513513513514 0.0
0.0 0.0 0.0 0.0 0.0 0.0 0.019230769230769232 0.0 0.0 0.01282051282051282 0.006622516556291391 0.005154639175257732 0.007751937984496124 0.013513513513513514 0.016129032258064516
0.0 0.0 0.0 0.014705882352941176 0.0 0.0 0.0 0.0 0.0 0.0 0.006622516556291391 0.0 0.007751937984496124 0.0 0.0
0.0 0.0 0.0 0.0 0.0 0.0 0.0 0.0 0.0 0.0 0.006622516556291391 0.010309278350515464 0.007751937984496124 0.013513513513513514 0.0
0.0 0.0 0.014925373134328358 0.0 0.0 0.0 0.019230769230769232 0.0196078431372549 0.0 0.01282051282051282 0.006622516556291391 0.030927835051546393 0.007751937984496124 0.013513513513513514 0.016129032258064516
0.0 0.015151515151515152 0.014925373134328358 0.0 0.0 0.0 0.019230769230769232 0.0196078431372549 0.0 0.01282051282051282 0.006622516556291391 0.005154639175257732 0.007751937984496124 0.013513513513513514 0.016129032258064516
0.0 0.015151515151515152 0.0 0.014705882352941176 0.0 0.0 0.038461538461538464 0.0 0.00684931506849315 0.02564102564102564 0.013245033112582781 0.010309278350515464 0.015503875968992248 0.02702702702702703 0.03225806451612903
0.0 0.0 0.014925373134328358 0.0 0.0 0.0 0.0 0.0196078431372549 0.0 0.01282051282051282 0.006622516556291391 0.0 0.007751937984496124 0.0 0.016129032258064516
0.0 0.015151515151515152 0.0 0.0 0.0 0.0 0.0 0.0 0.0 0.0 0.006622516556291391 0.005154639175257732 0.007751937984496124 0.013513513513513514 0.0
0.0 0.0 0.014925373134328358 0.0 0.013333333333333334 0.0 0.019230769230769232 0.0196078431372549 0.0 0.01282051282051282 0.006622516556291391 0.005154639175257732 0.007751937984496124 0.013513513513513514 0.016129032258064516
0.0 0.0 0.014925373134328358 0.0 0.013333333333333334 0.0 0.0 0.0196078431372549 0.00684931506849315 0.0 0.006622516556291391 0.005154639175257732 0.007751937984496124 0.013513513513513514 0.0
0.010752688172043012 0.015151515151515152 0.014925373134328358 0.0 0.0 0.0 0.019230769230769232 0.0196078431372549 0.00684931506849315 0.01282051282051282 0.006622516556291391 0.015463917525773196 0.007751937984496124 0.013513513513513514 0.016129032258064516
0.021505376344086023 0.0 0.014925373134328358 0.0 0.013333333333333334 0.014925373134328358 0.019230769230769232 0.0196078431372549 0.0 0.01282051282051282 0.006622516556291391 0.005154639175257732 0.007751937984496124 0.013513513513513514 0.016129032258064516
0.0 0.0 0.0 0.0 0.013333333333333334 0.0 0.0 0.0 0.0136986301369863 0.01282051282051282 0.006622516556291391 0.0 0.007751937984496124 0.0 0.016129032258064516
0.0 0.015151515151515152 0.0 0.014705882352941176 0.0 0.0 0.0 0.0 0.0 0.01282051282051282 0.013245033112582781 0.0 0.007751937984496124 0.0 0.016129032258064516
0.0 0.015151515151515152 0.0 0.0 0.0 0.0 0.0 0.0 0.00684931506849315 0.0 0.006622516556291391 0.0 0.007751937984496124 0.0 0.0
0.0 0.015151515151515152 0.0 0.0 0.0 0.0 0.0 0.0 0.0 0.0 0.006622516556291391 0.0 0.007751937984496124 0.0 0.0
0.0 0.0 0.0 0.0 0.0 0.0 0.0 0.0 0.0 0.01282051282051282 0.006622516556291391 0.0 0.007751937984496124 0.0 0.016129032258064516
0.0 0.015151515151515152 0.014925373134328358 0.0 0.0 0.0 0.0 0.0196078431372549 0.0 0.01282051282051282 0.006622516556291391 0.0 0.007751937984496124 0.0 0.016129032258064516
0.0 0.0 0.0 0.0 0.0 0.0 0.0 0.0 0.00684931506849315 0.0 0.006622516556291391 0.0 0.007751937984496124 0.0 0.0
0.010752688172043012 0.015151515151515152 0.014925373134328358 0.0 0.013333333333333334 0.014925373134328358 0.0 0.0196078431372549 0.0 0.0 0.006622516556291391 0.0 0.007751937984496124 0.0 0.0
0.010752688172043012 0.0 0.0 0.0 0.013333333333333334 0.014925373134328358 0.019230769230769232 0.0 0.0 0.01282051282051282 0.006622516556291391 0.005154639175257732 0.007751937984496124 0.013513513513513514 0.016129032258064516
0.0 0.0 0.0 0.0 0.0 0.0 0.0 0.0 0.0136986301369863 0.0 0.006622516556291391 0.0 0.007751937984496124 0.0 0.0
0.010752688172043012 0.0 0.0 0.0 0.013333333333333334 0.014925373134328358 0.0 0.0 0.0 0.0 0.006622516556291391 0.0 0.007751937984496124 0.0 0.0
0.0 0.0 0.014925373134328358 0.0 0.0 0.0 0.0 0.0196078431372549 0.0 0.0 0.006622516556291391 0.0 0.007751937984496124 0.0 0.0
