plot#	#clusters	type	windowSize	#chapter	PCA dim	#feature	minSupport	QualityMeasure	#True(Mk+Md)	#mkTrue	#mdTrue	#mkTrue/#realMk\#tmdTrue/#realMd	#realMK-#realMD in each cluster	delChapters	sameChapters
---------gSapn->PCA->clustering---------
*In all over Quran considered number of makki surahs is 86 and for madani surahs is 28
............
1	2	Root	2	104	103	103	11	0.5253807481542646	82	72	10	0.8372093023255814	0.35714285714285715	[[62, 18], [14, 10]]	0.6791666666666667	0.09583333333333333	 ,same chaps: 91, [{99, 100, 101, 103, 104, 106, 107, 110, 93}, {113}]112, [{99, 100, 101, 103, 104, 106, 107, 110, 93}, {113}]
2	2	Root	2	104	93	93	11	0.525685387542626	82	72	10	0.8372093023255814	0.35714285714285715	[[62, 18], [14, 10]]	0.6791666666666667	0.09583333333333333	 ,same chaps: 91, [{99, 100, 101, 103, 104, 106, 107, 110, 93}, {113}]112, [{99, 100, 101, 103, 104, 106, 107, 110, 93}, {113}]
3	2	Root	2	104	83	83	11	0.5267861242542842	82	72	10	0.8372093023255814	0.35714285714285715	[[62, 18], [14, 10]]	0.6791666666666667	0.09583333333333333	 ,same chaps: 91, [{99, 100, 101, 103, 104, 106, 107, 110, 93}, {113}]112, [{99, 100, 101, 103, 104, 106, 107, 110, 93}, {113}]
4	2	Root	2	104	73	73	11	0.5297449502155589	82	72	10	0.8372093023255814	0.35714285714285715	[[62, 18], [14, 10]]	0.6791666666666667	0.09583333333333333	 ,same chaps: 91, [{99, 100, 101, 103, 104, 106, 107, 110, 93}, {113}]112, [{99, 100, 101, 103, 104, 106, 107, 110, 93}, {113}]
5	2	Root	2	104	63	63	11	0.5369901769129559	82	72	10	0.8372093023255814	0.35714285714285715	[[62, 18], [14, 10]]	0.6791666666666667	0.09583333333333333	 ,same chaps: 91, [{99, 100, 101, 103, 104, 106, 107, 110, 93}, {113}]112, [{99, 100, 101, 103, 104, 106, 107, 110, 93}, {113}]
6	2	Root	2	104	53	53	11	0.555387937739555	82	72	10	0.8372093023255814	0.35714285714285715	[[62, 18], [14, 10]]	0.6791666666666667	0.09583333333333333	 ,same chaps: 91, [{99, 100, 101, 103, 104, 106, 107, 110, 93}, {113}]112, [{99, 100, 101, 103, 104, 106, 107, 110, 93}, {113}]
7	2	Root	2	104	43	43	11	0.5938451619511671	82	72	10	0.8372093023255814	0.35714285714285715	[[62, 18], [14, 10]]	0.6791666666666667	0.09583333333333333	 ,same chaps: 91, [{99, 100, 101, 103, 104, 106, 107, 110, 93}, {113}]112, [{99, 100, 101, 103, 104, 106, 107, 110, 93}, {113}]
8	2	Root	2	104	33	33	11	0.6135839543380281	82	71	11	0.8255813953488372	0.39285714285714285	[[61, 17], [15, 11]]	0.6794871794871795	0.10256410256410259	 ,same chaps: 91, [{99, 100, 101, 103, 104, 106, 107, 110, 93}, {113}]112, [{99, 100, 101, 103, 104, 106, 107, 110, 93}, {113}]
9	10	Root	2	104	23	23	11	0.6218442191210802	_	_	_	_	_	[[5, 0], [57, 12], [0, 6], [1, 0], [2, 0], [1, 0], [1, 1], [8, 0], [0, 2], [1, 7]]	0.9201086956521738	0.1523300829081051	 ,same chaps: 91, [{99, 100, 101, 103, 104, 106, 107, 110, 93}, {113}]112, [{99, 100, 101, 103, 104, 106, 107, 110, 93}, {113}]
10	11	Root	2	104	13	13	11	0.6595544266864702	_	_	_	_	_	[[2, 0], [7, 0], [2, 0], [0, 7], [1, 0], [0, 6], [1, 0], [2, 0], [3, 2], [1, 1], [57, 12]]	0.9023715415019762	0.17461679386488463	 ,same chaps: 91, [{99, 100, 101, 103, 104, 106, 107, 110, 93}, {113}]112, [{99, 100, 101, 103, 104, 106, 107, 110, 93}, {113}]
11	2	Root	2	104	10	10	11	0.6976007787593618	80	72	8	0.8372093023255814	0.2857142857142857	[[14, 8], [62, 20]]	0.6962305986696231	0.059866962305986704	 ,same chaps: 91, [{99, 100, 101, 103, 104, 106, 107, 110, 93}, {113}]112, [{99, 100, 101, 103, 104, 106, 107, 110, 93}, {113}]
12	11	Root	2	104	9	9	11	0.7146137639255515	_	_	_	_	_	[[58, 12], [1, 1], [1, 1], [0, 5], [2, 2], [2, 0], [0, 6], [0, 1], [2, 0], [5, 0], [5, 0]]	0.8480519480519481	0.21855256070610524	 ,same chaps: 91, [{99, 100, 101, 103, 104, 106, 107, 110, 93}, {113}]112, [{99, 100, 101, 103, 104, 106, 107, 110, 93}, {113}]
13	2	Root	2	104	8	8	11	0.7370747956343203	80	71	9	0.8255813953488372	0.32142857142857145	[[15, 9], [61, 19]]	0.69375	0.06874999999999998	 ,same chaps: 91, [{99, 100, 101, 103, 104, 106, 107, 110, 93}, {113}]112, [{99, 100, 101, 103, 104, 106, 107, 110, 93}, {113}]
14	2	Root	2	104	7	7	11	0.7477564760202935	80	71	9	0.8255813953488372	0.32142857142857145	[[15, 9], [61, 19]]	0.69375	0.06874999999999998	 ,same chaps: 91, [{99, 100, 101, 103, 104, 106, 107, 110, 93}, {113}]112, [{99, 100, 101, 103, 104, 106, 107, 110, 93}, {113}]
15	2	Root	2	104	6	6	11	0.764758930978977	80	71	9	0.8255813953488372	0.32142857142857145	[[15, 9], [61, 19]]	0.69375	0.06874999999999998	 ,same chaps: 91, [{99, 100, 101, 103, 104, 106, 107, 110, 93}, {113}]112, [{99, 100, 101, 103, 104, 106, 107, 110, 93}, {113}]
16	2	Root	2	104	5	5	11	0.7942957523470877	80	70	10	0.813953488372093	0.35714285714285715	[[60, 18], [16, 10]]	0.6923076923076923	0.07692307692307693	 ,same chaps: 91, [{99, 100, 101, 103, 104, 106, 107, 110, 93}, {113}]112, [{99, 100, 101, 103, 104, 106, 107, 110, 93}, {113}]
17	2	Root	2	104	4	4	11	0.8163450330042233	81	72	9	0.8372093023255814	0.32142857142857145	[[14, 9], [62, 19]]	0.6870638754696725	0.07836822329575949	 ,same chaps: 91, [{99, 100, 101, 103, 104, 106, 107, 110, 93}, {113}]112, [{99, 100, 101, 103, 104, 106, 107, 110, 93}, {113}]
18	5	Root	2	104	3	3	11	0.8309629158921987	_	_	_	_	_	[[11, 0], [3, 9], [1, 1], [1, 6], [60, 12]]	0.7880952380952382	0.16502593763012816	 ,same chaps: 91, [{99, 100, 101, 103, 104, 106, 107, 110, 93}, {113}]112, [{99, 100, 101, 103, 104, 106, 107, 110, 93}, {113}]
19	8	Root	2	104	2	2	11	0.9060316659732124	_	_	_	_	_	[[1, 6], [2, 0], [8, 0], [51, 12], [6, 0], [5, 1], [2, 4], [1, 5]]	0.875	0.11088057148926879	 ,same chaps: 91, [{99, 100, 101, 103, 104, 106, 107, 110, 93}, {113}]112, [{99, 100, 101, 103, 104, 106, 107, 110, 93}, {113}]
............
21	2	Root	2	98	97	97	16	0.4716563302185993	83	67	16	0.7790697674418605	0.5714285714285714	[[52, 11], [19, 16]]	0.6841269841269841	0.14126984126984127	 ,same chaps: 81, [{96, 98, 99, 100, 101, 103, 104, 105, 106, 107, 110, 91, 92, 93}, {89}, {113}]85, [{96, 98, 99, 100, 101, 103, 104, 105, 106, 107, 110, 91, 92, 93}, {89}, {113}]112, [{96, 98, 99, 100, 101, 103, 104, 105, 106, 107, 110, 91, 92, 93}, {89}, {113}]
22	2	Root	2	98	87	87	16	0.4723328892962227	83	67	16	0.7790697674418605	0.5714285714285714	[[52, 11], [19, 16]]	0.6841269841269841	0.14126984126984127	 ,same chaps: 81, [{96, 98, 99, 100, 101, 103, 104, 105, 106, 107, 110, 91, 92, 93}, {89}, {113}]85, [{96, 98, 99, 100, 101, 103, 104, 105, 106, 107, 110, 91, 92, 93}, {89}, {113}]112, [{96, 98, 99, 100, 101, 103, 104, 105, 106, 107, 110, 91, 92, 93}, {89}, {113}]
23	2	Root	2	98	77	77	16	0.4752009441710333	83	67	16	0.7790697674418605	0.5714285714285714	[[52, 11], [19, 16]]	0.6841269841269841	0.14126984126984127	 ,same chaps: 81, [{96, 98, 99, 100, 101, 103, 104, 105, 106, 107, 110, 91, 92, 93}, {89}, {113}]85, [{96, 98, 99, 100, 101, 103, 104, 105, 106, 107, 110, 91, 92, 93}, {89}, {113}]112, [{96, 98, 99, 100, 101, 103, 104, 105, 106, 107, 110, 91, 92, 93}, {89}, {113}]
24	2	Root	2	98	67	67	16	0.4824347438037248	83	67	16	0.7790697674418605	0.5714285714285714	[[52, 11], [19, 16]]	0.6841269841269841	0.14126984126984127	 ,same chaps: 81, [{96, 98, 99, 100, 101, 103, 104, 105, 106, 107, 110, 91, 92, 93}, {89}, {113}]85, [{96, 98, 99, 100, 101, 103, 104, 105, 106, 107, 110, 91, 92, 93}, {89}, {113}]112, [{96, 98, 99, 100, 101, 103, 104, 105, 106, 107, 110, 91, 92, 93}, {89}, {113}]
25	2	Root	2	98	57	57	16	0.49721131648453154	83	67	16	0.7790697674418605	0.5714285714285714	[[52, 11], [19, 16]]	0.6841269841269841	0.14126984126984127	 ,same chaps: 81, [{96, 98, 99, 100, 101, 103, 104, 105, 106, 107, 110, 91, 92, 93}, {89}, {113}]85, [{96, 98, 99, 100, 101, 103, 104, 105, 106, 107, 110, 91, 92, 93}, {89}, {113}]112, [{96, 98, 99, 100, 101, 103, 104, 105, 106, 107, 110, 91, 92, 93}, {89}, {113}]
26	2	Root	2	98	47	47	16	0.5164346760343635	83	67	16	0.7790697674418605	0.5714285714285714	[[52, 11], [19, 16]]	0.6841269841269841	0.14126984126984127	 ,same chaps: 81, [{96, 98, 99, 100, 101, 103, 104, 105, 106, 107, 110, 91, 92, 93}, {89}, {113}]85, [{96, 98, 99, 100, 101, 103, 104, 105, 106, 107, 110, 91, 92, 93}, {89}, {113}]112, [{96, 98, 99, 100, 101, 103, 104, 105, 106, 107, 110, 91, 92, 93}, {89}, {113}]
27	2	Root	2	98	37	37	16	0.5335817661944929	83	67	16	0.7790697674418605	0.5714285714285714	[[52, 11], [19, 16]]	0.6841269841269841	0.14126984126984127	 ,same chaps: 81, [{96, 98, 99, 100, 101, 103, 104, 105, 106, 107, 110, 91, 92, 93}, {89}, {113}]85, [{96, 98, 99, 100, 101, 103, 104, 105, 106, 107, 110, 91, 92, 93}, {89}, {113}]112, [{96, 98, 99, 100, 101, 103, 104, 105, 106, 107, 110, 91, 92, 93}, {89}, {113}]
28	2	Root	2	98	27	27	16	0.5464660550778233	84	68	16	0.7906976744186046	0.5714285714285714	[[53, 11], [18, 16]]	0.6787683823529411	0.14935661764705882	 ,same chaps: 81, [{96, 98, 99, 100, 101, 103, 104, 105, 106, 107, 110, 91, 92, 93}, {89}, {113}]85, [{96, 98, 99, 100, 101, 103, 104, 105, 106, 107, 110, 91, 92, 93}, {89}, {113}]112, [{96, 98, 99, 100, 101, 103, 104, 105, 106, 107, 110, 91, 92, 93}, {89}, {113}]
29	2	Root	2	98	17	17	16	0.5914124973199948	81	65	16	0.7558139534883721	0.5714285714285714	[[50, 11], [21, 16]]	0.6936198493575543	0.12605228178998673	 ,same chaps: 81, [{96, 98, 99, 100, 101, 103, 104, 105, 106, 107, 110, 91, 92, 93}, {89}, {113}]85, [{96, 98, 99, 100, 101, 103, 104, 105, 106, 107, 110, 91, 92, 93}, {89}, {113}]112, [{96, 98, 99, 100, 101, 103, 104, 105, 106, 107, 110, 91, 92, 93}, {89}, {113}]
30	2	Root	2	98	10	10	16	0.6555717704957469	84	68	16	0.7906976744186046	0.5714285714285714	[[53, 11], [18, 16]]	0.6787683823529411	0.14935661764705882	 ,same chaps: 81, [{96, 98, 99, 100, 101, 103, 104, 105, 106, 107, 110, 91, 92, 93}, {89}, {113}]85, [{96, 98, 99, 100, 101, 103, 104, 105, 106, 107, 110, 91, 92, 93}, {89}, {113}]112, [{96, 98, 99, 100, 101, 103, 104, 105, 106, 107, 110, 91, 92, 93}, {89}, {113}]
31	2	Root	2	98	9	9	16	0.6668735569424847	84	68	16	0.7906976744186046	0.5714285714285714	[[53, 11], [18, 16]]	0.6787683823529411	0.14935661764705882	 ,same chaps: 81, [{96, 98, 99, 100, 101, 103, 104, 105, 106, 107, 110, 91, 92, 93}, {89}, {113}]85, [{96, 98, 99, 100, 101, 103, 104, 105, 106, 107, 110, 91, 92, 93}, {89}, {113}]112, [{96, 98, 99, 100, 101, 103, 104, 105, 106, 107, 110, 91, 92, 93}, {89}, {113}]
32	2	Root	2	98	8	8	16	0.6827437229181866	85	69	16	0.8023255813953488	0.5714285714285714	[[54, 11], [17, 16]]	0.672960372960373	0.15780885780885784	 ,same chaps: 81, [{96, 98, 99, 100, 101, 103, 104, 105, 106, 107, 110, 91, 92, 93}, {89}, {113}]85, [{96, 98, 99, 100, 101, 103, 104, 105, 106, 107, 110, 91, 92, 93}, {89}, {113}]112, [{96, 98, 99, 100, 101, 103, 104, 105, 106, 107, 110, 91, 92, 93}, {89}, {113}]
33	2	Root	2	98	7	7	16	0.6855227197578937	78	67	11	0.7790697674418605	0.39285714285714285	[[19, 11], [52, 16]]	0.6990196078431372	0.06568627450980391	 ,same chaps: 81, [{96, 98, 99, 100, 101, 103, 104, 105, 106, 107, 110, 91, 92, 93}, {89}, {113}]85, [{96, 98, 99, 100, 101, 103, 104, 105, 106, 107, 110, 91, 92, 93}, {89}, {113}]112, [{96, 98, 99, 100, 101, 103, 104, 105, 106, 107, 110, 91, 92, 93}, {89}, {113}]
34	14	Root	2	98	6	6	16	0.7068141930961177	_	_	_	_	_	[[2, 0], [2, 2], [3, 0], [8, 0], [3, 3], [1, 1], [0, 2], [0, 2], [0, 1], [11, 0], [40, 11], [0, 2], [0, 3], [1, 0]]	0.877450980392157	0.2046364194153882	 ,same chaps: 81, [{96, 98, 99, 100, 101, 103, 104, 105, 106, 107, 110, 91, 92, 93}, {89}, {113}]85, [{96, 98, 99, 100, 101, 103, 104, 105, 106, 107, 110, 91, 92, 93}, {89}, {113}]112, [{96, 98, 99, 100, 101, 103, 104, 105, 106, 107, 110, 91, 92, 93}, {89}, {113}]
35	15	Root	2	98	5	5	16	0.7458785730406315	_	_	_	_	_	[[11, 0], [2, 0], [40, 9], [0, 2], [1, 0], [0, 5], [1, 1], [0, 2], [0, 1], [3, 0], [0, 2], [3, 3], [2, 1], [8, 0], [0, 1]]	0.8988662131519274	0.18100210161479252	 ,same chaps: 81, [{96, 98, 99, 100, 101, 103, 104, 105, 106, 107, 110, 91, 92, 93}, {89}, {113}]85, [{96, 98, 99, 100, 101, 103, 104, 105, 106, 107, 110, 91, 92, 93}, {89}, {113}]112, [{96, 98, 99, 100, 101, 103, 104, 105, 106, 107, 110, 91, 92, 93}, {89}, {113}]
36	14	Root	2	98	4	4	16	0.778605753852192	_	_	_	_	_	[[11, 0], [2, 0], [0, 2], [40, 9], [1, 0], [1, 3], [0, 5], [0, 1], [3, 0], [2, 2], [0, 2], [1, 2], [8, 0], [2, 1]]	0.8856899902818268	0.16594389522503286	 ,same chaps: 81, [{96, 98, 99, 100, 101, 103, 104, 105, 106, 107, 110, 91, 92, 93}, {89}, {113}]85, [{96, 98, 99, 100, 101, 103, 104, 105, 106, 107, 110, 91, 92, 93}, {89}, {113}]112, [{96, 98, 99, 100, 101, 103, 104, 105, 106, 107, 110, 91, 92, 93}, {89}, {113}]
37	8	Root	2	98	3	3	16	0.8029219419287963	_	_	_	_	_	[[1, 4], [3, 5], [2, 1], [11, 0], [11, 0], [42, 11], [1, 1], [0, 5]]	0.7980149371069183	0.1797318188831706	 ,same chaps: 81, [{96, 98, 99, 100, 101, 103, 104, 105, 106, 107, 110, 91, 92, 93}, {89}, {113}]85, [{96, 98, 99, 100, 101, 103, 104, 105, 106, 107, 110, 91, 92, 93}, {89}, {113}]112, [{96, 98, 99, 100, 101, 103, 104, 105, 106, 107, 110, 91, 92, 93}, {89}, {113}]
38	9	Root	2	98	2	2	16	0.8894455233328125	_	_	_	_	_	[[6, 1], [6, 0], [3, 4], [1, 5], [0, 5], [3, 0], [9, 0], [42, 9], [1, 3]]	0.8706037970743853	0.13936797135594678	 ,same chaps: 81, [{96, 98, 99, 100, 101, 103, 104, 105, 106, 107, 110, 91, 92, 93}, {89}, {113}]85, [{96, 98, 99, 100, 101, 103, 104, 105, 106, 107, 110, 91, 92, 93}, {89}, {113}]112, [{96, 98, 99, 100, 101, 103, 104, 105, 106, 107, 110, 91, 92, 93}, {89}, {113}]
............
40	2	Root	2	95	94	94	21	0.4048359672094803	76	67	9	0.7790697674418605	0.32142857142857145	[[19, 9], [49, 18]]	0.704957356076759	0.026385927505330475	 ,same chaps: 79, [{96, 98, 99, 100, 101, 103, 104, 105, 106, 107, 110, 81, 85, 89, 91, 92, 93}, {102}, {113}]94, [{96, 98, 99, 100, 101, 103, 104, 105, 106, 107, 110, 81, 85, 89, 91, 92, 93}, {102}, {113}]112, [{96, 98, 99, 100, 101, 103, 104, 105, 106, 107, 110, 81, 85, 89, 91, 92, 93}, {102}, {113}]
41	2	Root	2	95	84	84	21	0.4050134499385495	76	67	9	0.7790697674418605	0.32142857142857145	[[19, 9], [49, 18]]	0.704957356076759	0.026385927505330475	 ,same chaps: 79, [{96, 98, 99, 100, 101, 103, 104, 105, 106, 107, 110, 81, 85, 89, 91, 92, 93}, {102}, {113}]94, [{96, 98, 99, 100, 101, 103, 104, 105, 106, 107, 110, 81, 85, 89, 91, 92, 93}, {102}, {113}]112, [{96, 98, 99, 100, 101, 103, 104, 105, 106, 107, 110, 81, 85, 89, 91, 92, 93}, {102}, {113}]
42	2	Root	2	95	74	74	21	0.40612625214131415	76	67	9	0.7790697674418605	0.32142857142857145	[[19, 9], [49, 18]]	0.704957356076759	0.026385927505330475	 ,same chaps: 79, [{96, 98, 99, 100, 101, 103, 104, 105, 106, 107, 110, 81, 85, 89, 91, 92, 93}, {102}, {113}]94, [{96, 98, 99, 100, 101, 103, 104, 105, 106, 107, 110, 81, 85, 89, 91, 92, 93}, {102}, {113}]112, [{96, 98, 99, 100, 101, 103, 104, 105, 106, 107, 110, 81, 85, 89, 91, 92, 93}, {102}, {113}]
43	2	Root	2	95	64	64	21	0.4089514210998956	76	67	9	0.7790697674418605	0.32142857142857145	[[19, 9], [49, 18]]	0.704957356076759	0.026385927505330475	 ,same chaps: 79, [{96, 98, 99, 100, 101, 103, 104, 105, 106, 107, 110, 81, 85, 89, 91, 92, 93}, {102}, {113}]94, [{96, 98, 99, 100, 101, 103, 104, 105, 106, 107, 110, 81, 85, 89, 91, 92, 93}, {102}, {113}]112, [{96, 98, 99, 100, 101, 103, 104, 105, 106, 107, 110, 81, 85, 89, 91, 92, 93}, {102}, {113}]
44	2	Root	2	95	54	54	21	0.4142796755921773	76	67	9	0.7790697674418605	0.32142857142857145	[[19, 9], [49, 18]]	0.704957356076759	0.026385927505330475	 ,same chaps: 79, [{96, 98, 99, 100, 101, 103, 104, 105, 106, 107, 110, 81, 85, 89, 91, 92, 93}, {102}, {113}]94, [{96, 98, 99, 100, 101, 103, 104, 105, 106, 107, 110, 81, 85, 89, 91, 92, 93}, {102}, {113}]112, [{96, 98, 99, 100, 101, 103, 104, 105, 106, 107, 110, 81, 85, 89, 91, 92, 93}, {102}, {113}]
45	2	Root	2	95	44	44	21	0.42328828118551276	76	67	9	0.7790697674418605	0.32142857142857145	[[19, 9], [49, 18]]	0.704957356076759	0.026385927505330475	 ,same chaps: 79, [{96, 98, 99, 100, 101, 103, 104, 105, 106, 107, 110, 81, 85, 89, 91, 92, 93}, {102}, {113}]94, [{96, 98, 99, 100, 101, 103, 104, 105, 106, 107, 110, 81, 85, 89, 91, 92, 93}, {102}, {113}]112, [{96, 98, 99, 100, 101, 103, 104, 105, 106, 107, 110, 81, 85, 89, 91, 92, 93}, {102}, {113}]
46	2	Root	2	95	34	34	21	0.4362913814668494	76	67	9	0.7790697674418605	0.32142857142857145	[[19, 9], [49, 18]]	0.704957356076759	0.026385927505330475	 ,same chaps: 79, [{96, 98, 99, 100, 101, 103, 104, 105, 106, 107, 110, 81, 85, 89, 91, 92, 93}, {102}, {113}]94, [{96, 98, 99, 100, 101, 103, 104, 105, 106, 107, 110, 81, 85, 89, 91, 92, 93}, {102}, {113}]112, [{96, 98, 99, 100, 101, 103, 104, 105, 106, 107, 110, 81, 85, 89, 91, 92, 93}, {102}, {113}]
47	2	Root	2	95	24	24	21	0.45111353212203237	77	68	9	0.7906976744186046	0.32142857142857145	[[18, 9], [50, 18]]	0.7009803921568627	0.03431372549019612	 ,same chaps: 79, [{96, 98, 99, 100, 101, 103, 104, 105, 106, 107, 110, 81, 85, 89, 91, 92, 93}, {102}, {113}]94, [{96, 98, 99, 100, 101, 103, 104, 105, 106, 107, 110, 81, 85, 89, 91, 92, 93}, {102}, {113}]112, [{96, 98, 99, 100, 101, 103, 104, 105, 106, 107, 110, 81, 85, 89, 91, 92, 93}, {102}, {113}]
48	2	Root	2	95	14	14	21	0.5383045201834202	81	67	14	0.7790697674418605	0.5	[[49, 13], [19, 14]]	0.6830400782013686	0.10728250244379273	 ,same chaps: 79, [{96, 98, 99, 100, 101, 103, 104, 105, 106, 107, 110, 81, 85, 89, 91, 92, 93}, {102}, {113}]94, [{96, 98, 99, 100, 101, 103, 104, 105, 106, 107, 110, 81, 85, 89, 91, 92, 93}, {102}, {113}]112, [{96, 98, 99, 100, 101, 103, 104, 105, 106, 107, 110, 81, 85, 89, 91, 92, 93}, {102}, {113}]
49	14	Root	2	95	10	10	21	0.545004754261094	_	_	_	_	_	[[3, 0], [2, 2], [2, 0], [7, 0], [3, 1], [2, 5], [0, 1], [34, 9], [8, 0], [6, 0], [0, 1], [1, 1], [0, 3], [0, 4]]	0.8753559563360228	0.1833096891411402	 ,same chaps: 79, [{96, 98, 99, 100, 101, 103, 104, 105, 106, 107, 110, 81, 85, 89, 91, 92, 93}, {102}, {113}]94, [{96, 98, 99, 100, 101, 103, 104, 105, 106, 107, 110, 81, 85, 89, 91, 92, 93}, {102}, {113}]112, [{96, 98, 99, 100, 101, 103, 104, 105, 106, 107, 110, 81, 85, 89, 91, 92, 93}, {102}, {113}]
50	2	Root	2	95	9	9	21	0.5502946249517524	76	67	9	0.7790697674418605	0.32142857142857145	[[19, 9], [49, 18]]	0.704957356076759	0.026385927505330475	 ,same chaps: 79, [{96, 98, 99, 100, 101, 103, 104, 105, 106, 107, 110, 81, 85, 89, 91, 92, 93}, {102}, {113}]94, [{96, 98, 99, 100, 101, 103, 104, 105, 106, 107, 110, 81, 85, 89, 91, 92, 93}, {102}, {113}]112, [{96, 98, 99, 100, 101, 103, 104, 105, 106, 107, 110, 81, 85, 89, 91, 92, 93}, {102}, {113}]
51	2	Root	2	95	8	8	21	0.6026185442010648	80	66	14	0.7674418604651163	0.5	[[48, 13], [20, 14]]	0.6875602700096433	0.09932497589199613	 ,same chaps: 79, [{96, 98, 99, 100, 101, 103, 104, 105, 106, 107, 110, 81, 85, 89, 91, 92, 93}, {102}, {113}]94, [{96, 98, 99, 100, 101, 103, 104, 105, 106, 107, 110, 81, 85, 89, 91, 92, 93}, {102}, {113}]112, [{96, 98, 99, 100, 101, 103, 104, 105, 106, 107, 110, 81, 85, 89, 91, 92, 93}, {102}, {113}]
52	2	Root	2	95	7	7	21	0.6175870566810342	80	66	14	0.7674418604651163	0.5	[[48, 13], [20, 14]]	0.6875602700096433	0.09932497589199613	 ,same chaps: 79, [{96, 98, 99, 100, 101, 103, 104, 105, 106, 107, 110, 81, 85, 89, 91, 92, 93}, {102}, {113}]94, [{96, 98, 99, 100, 101, 103, 104, 105, 106, 107, 110, 81, 85, 89, 91, 92, 93}, {102}, {113}]112, [{96, 98, 99, 100, 101, 103, 104, 105, 106, 107, 110, 81, 85, 89, 91, 92, 93}, {102}, {113}]
53	2	Root	2	95	6	6	21	0.6303516841204718	79	65	14	0.7558139534883721	0.5	[[47, 13], [21, 14]]	0.6916666666666667	0.09166666666666667	 ,same chaps: 79, [{96, 98, 99, 100, 101, 103, 104, 105, 106, 107, 110, 81, 85, 89, 91, 92, 93}, {102}, {113}]94, [{96, 98, 99, 100, 101, 103, 104, 105, 106, 107, 110, 81, 85, 89, 91, 92, 93}, {102}, {113}]112, [{96, 98, 99, 100, 101, 103, 104, 105, 106, 107, 110, 81, 85, 89, 91, 92, 93}, {102}, {113}]
54	2	Root	2	95	5	5	21	0.6621893355258376	81	66	15	0.7674418604651163	0.5357142857142857	[[48, 12], [20, 15]]	0.6857142857142857	0.11428571428571432	 ,same chaps: 79, [{96, 98, 99, 100, 101, 103, 104, 105, 106, 107, 110, 81, 85, 89, 91, 92, 93}, {102}, {113}]94, [{96, 98, 99, 100, 101, 103, 104, 105, 106, 107, 110, 81, 85, 89, 91, 92, 93}, {102}, {113}]112, [{96, 98, 99, 100, 101, 103, 104, 105, 106, 107, 110, 81, 85, 89, 91, 92, 93}, {102}, {113}]
55	7	Root	2	95	4	4	21	0.6965536746521094	_	_	_	_	_	[[3, 0], [11, 0], [37, 11], [13, 2], [3, 5], [1, 1], [0, 8]]	0.8232142857142858	0.18599071307856724	 ,same chaps: 79, [{96, 98, 99, 100, 101, 103, 104, 105, 106, 107, 110, 81, 85, 89, 91, 92, 93}, {102}, {113}]94, [{96, 98, 99, 100, 101, 103, 104, 105, 106, 107, 110, 81, 85, 89, 91, 92, 93}, {102}, {113}]112, [{96, 98, 99, 100, 101, 103, 104, 105, 106, 107, 110, 81, 85, 89, 91, 92, 93}, {102}, {113}]
56	4	Root	2	95	3	3	21	0.750027149630489	_	_	_	_	_	[[37, 11], [14, 0], [1, 9], [16, 7]]	0.8416213768115942	0.11705747223345817	 ,same chaps: 79, [{96, 98, 99, 100, 101, 103, 104, 105, 106, 107, 110, 81, 85, 89, 91, 92, 93}, {102}, {113}]94, [{96, 98, 99, 100, 101, 103, 104, 105, 106, 107, 110, 81, 85, 89, 91, 92, 93}, {102}, {113}]112, [{96, 98, 99, 100, 101, 103, 104, 105, 106, 107, 110, 81, 85, 89, 91, 92, 93}, {102}, {113}]
57	12	Root	2	95	2	2	21	0.8681161090256253	_	_	_	_	_	[[5, 0], [3, 0], [5, 0], [0, 3], [6, 0], [32, 8], [8, 0], [6, 2], [1, 3], [2, 4], [0, 3], [0, 4]]	0.9138888888888889	0.12487648218327235	 ,same chaps: 79, [{96, 98, 99, 100, 101, 103, 104, 105, 106, 107, 110, 81, 85, 89, 91, 92, 93}, {102}, {113}]94, [{96, 98, 99, 100, 101, 103, 104, 105, 106, 107, 110, 81, 85, 89, 91, 92, 93}, {102}, {113}]112, [{96, 98, 99, 100, 101, 103, 104, 105, 106, 107, 110, 81, 85, 89, 91, 92, 93}, {102}, {113}]
............
59	2	Root	2	91	72	72	26	0.4031878141810007	80	65	15	0.7558139534883721	0.5357142857142857	[[44, 11], [21, 15]]	0.6916666666666667	0.10833333333333334	 ,same chaps: 53, [{108}, {82}, {81, 85, 89, 91, 92, 93, 96, 98, 99, 100, 101, 103, 104, 105, 106, 107, 109, 110, 112, 113}, {102}]67, [{108}, {82}, {81, 85, 89, 91, 92, 93, 96, 98, 99, 100, 101, 103, 104, 105, 106, 107, 109, 110, 112, 113}, {102}]79, [{108}, {82}, {81, 85, 89, 91, 92, 93, 96, 98, 99, 100, 101, 103, 104, 105, 106, 107, 109, 110, 112, 113}, {102}]94, [{108}, {82}, {81, 85, 89, 91, 92, 93, 96, 98, 99, 100, 101, 103, 104, 105, 106, 107, 109, 110, 112, 113}, {102}]
60	2	Root	2	91	62	62	26	0.4032218740932223	80	65	15	0.7558139534883721	0.5357142857142857	[[44, 11], [21, 15]]	0.6916666666666667	0.10833333333333334	 ,same chaps: 53, [{108}, {82}, {81, 85, 89, 91, 92, 93, 96, 98, 99, 100, 101, 103, 104, 105, 106, 107, 109, 110, 112, 113}, {102}]67, [{108}, {82}, {81, 85, 89, 91, 92, 93, 96, 98, 99, 100, 101, 103, 104, 105, 106, 107, 109, 110, 112, 113}, {102}]79, [{108}, {82}, {81, 85, 89, 91, 92, 93, 96, 98, 99, 100, 101, 103, 104, 105, 106, 107, 109, 110, 112, 113}, {102}]94, [{108}, {82}, {81, 85, 89, 91, 92, 93, 96, 98, 99, 100, 101, 103, 104, 105, 106, 107, 109, 110, 112, 113}, {102}]
61	2	Root	2	91	52	52	26	0.40388430325174923	80	65	15	0.7558139534883721	0.5357142857142857	[[44, 11], [21, 15]]	0.6916666666666667	0.10833333333333334	 ,same chaps: 53, [{108}, {82}, {81, 85, 89, 91, 92, 93, 96, 98, 99, 100, 101, 103, 104, 105, 106, 107, 109, 110, 112, 113}, {102}]67, [{108}, {82}, {81, 85, 89, 91, 92, 93, 96, 98, 99, 100, 101, 103, 104, 105, 106, 107, 109, 110, 112, 113}, {102}]79, [{108}, {82}, {81, 85, 89, 91, 92, 93, 96, 98, 99, 100, 101, 103, 104, 105, 106, 107, 109, 110, 112, 113}, {102}]94, [{108}, {82}, {81, 85, 89, 91, 92, 93, 96, 98, 99, 100, 101, 103, 104, 105, 106, 107, 109, 110, 112, 113}, {102}]
62	2	Root	2	91	42	42	26	0.40658496347696294	80	65	15	0.7558139534883721	0.5357142857142857	[[44, 11], [21, 15]]	0.6916666666666667	0.10833333333333334	 ,same chaps: 53, [{108}, {82}, {81, 85, 89, 91, 92, 93, 96, 98, 99, 100, 101, 103, 104, 105, 106, 107, 109, 110, 112, 113}, {102}]67, [{108}, {82}, {81, 85, 89, 91, 92, 93, 96, 98, 99, 100, 101, 103, 104, 105, 106, 107, 109, 110, 112, 113}, {102}]79, [{108}, {82}, {81, 85, 89, 91, 92, 93, 96, 98, 99, 100, 101, 103, 104, 105, 106, 107, 109, 110, 112, 113}, {102}]94, [{108}, {82}, {81, 85, 89, 91, 92, 93, 96, 98, 99, 100, 101, 103, 104, 105, 106, 107, 109, 110, 112, 113}, {102}]
63	2	Root	2	91	32	32	26	0.41373697181520264	80	65	15	0.7558139534883721	0.5357142857142857	[[44, 11], [21, 15]]	0.6916666666666667	0.10833333333333334	 ,same chaps: 53, [{108}, {82}, {81, 85, 89, 91, 92, 93, 96, 98, 99, 100, 101, 103, 104, 105, 106, 107, 109, 110, 112, 113}, {102}]67, [{108}, {82}, {81, 85, 89, 91, 92, 93, 96, 98, 99, 100, 101, 103, 104, 105, 106, 107, 109, 110, 112, 113}, {102}]79, [{108}, {82}, {81, 85, 89, 91, 92, 93, 96, 98, 99, 100, 101, 103, 104, 105, 106, 107, 109, 110, 112, 113}, {102}]94, [{108}, {82}, {81, 85, 89, 91, 92, 93, 96, 98, 99, 100, 101, 103, 104, 105, 106, 107, 109, 110, 112, 113}, {102}]
64	2	Root	2	91	22	22	26	0.43188454094679574	80	65	15	0.7558139534883721	0.5357142857142857	[[44, 11], [21, 15]]	0.6916666666666667	0.10833333333333334	 ,same chaps: 53, [{108}, {82}, {81, 85, 89, 91, 92, 93, 96, 98, 99, 100, 101, 103, 104, 105, 106, 107, 109, 110, 112, 113}, {102}]67, [{108}, {82}, {81, 85, 89, 91, 92, 93, 96, 98, 99, 100, 101, 103, 104, 105, 106, 107, 109, 110, 112, 113}, {102}]79, [{108}, {82}, {81, 85, 89, 91, 92, 93, 96, 98, 99, 100, 101, 103, 104, 105, 106, 107, 109, 110, 112, 113}, {102}]94, [{108}, {82}, {81, 85, 89, 91, 92, 93, 96, 98, 99, 100, 101, 103, 104, 105, 106, 107, 109, 110, 112, 113}, {102}]
65	16	Root	2	91	12	12	26	0.4606016532994753	_	_	_	_	_	[[0, 3], [1, 2], [0, 2], [2, 1], [27, 8], [7, 0], [9, 0], [3, 0], [0, 2], [3, 0], [3, 0], [1, 2], [4, 1], [1, 0], [4, 4], [0, 1]]	0.8794642857142857	0.16641749017881194	 ,same chaps: 53, [{108}, {82}, {81, 85, 89, 91, 92, 93, 96, 98, 99, 100, 101, 103, 104, 105, 106, 107, 109, 110, 112, 113}, {102}]67, [{108}, {82}, {81, 85, 89, 91, 92, 93, 96, 98, 99, 100, 101, 103, 104, 105, 106, 107, 109, 110, 112, 113}, {102}]79, [{108}, {82}, {81, 85, 89, 91, 92, 93, 96, 98, 99, 100, 101, 103, 104, 105, 106, 107, 109, 110, 112, 113}, {102}]94, [{108}, {82}, {81, 85, 89, 91, 92, 93, 96, 98, 99, 100, 101, 103, 104, 105, 106, 107, 109, 110, 112, 113}, {102}]
66	10	Root	2	91	10	10	26	0.47711164771751985	_	_	_	_	_	[[29, 10], [11, 0], [3, 2], [1, 8], [0, 1], [3, 0], [4, 2], [4, 1], [7, 2], [3, 0]]	0.8476923076923077	0.14373913677362413	 ,same chaps: 53, [{108}, {82}, {81, 85, 89, 91, 92, 93, 96, 98, 99, 100, 101, 103, 104, 105, 106, 107, 109, 110, 112, 113}, {102}]67, [{108}, {82}, {81, 85, 89, 91, 92, 93, 96, 98, 99, 100, 101, 103, 104, 105, 106, 107, 109, 110, 112, 113}, {102}]79, [{108}, {82}, {81, 85, 89, 91, 92, 93, 96, 98, 99, 100, 101, 103, 104, 105, 106, 107, 109, 110, 112, 113}, {102}]94, [{108}, {82}, {81, 85, 89, 91, 92, 93, 96, 98, 99, 100, 101, 103, 104, 105, 106, 107, 109, 110, 112, 113}, {102}]
67	9	Root	2	91	9	9	26	0.4905785065413979	_	_	_	_	_	[[7, 1], [6, 1], [5, 0], [3, 5], [0, 1], [1, 6], [29, 10], [11, 0], [3, 2]]	0.8397639397639397	0.1459574485645338	 ,same chaps: 53, [{108}, {82}, {81, 85, 89, 91, 92, 93, 96, 98, 99, 100, 101, 103, 104, 105, 106, 107, 109, 110, 112, 113}, {102}]67, [{108}, {82}, {81, 85, 89, 91, 92, 93, 96, 98, 99, 100, 101, 103, 104, 105, 106, 107, 109, 110, 112, 113}, {102}]79, [{108}, {82}, {81, 85, 89, 91, 92, 93, 96, 98, 99, 100, 101, 103, 104, 105, 106, 107, 109, 110, 112, 113}, {102}]94, [{108}, {82}, {81, 85, 89, 91, 92, 93, 96, 98, 99, 100, 101, 103, 104, 105, 106, 107, 109, 110, 112, 113}, {102}]
68	6	Root	2	91	8	8	26	0.5154974516660242	_	_	_	_	_	[[7, 2], [9, 2], [5, 1], [1, 11], [29, 9], [14, 1]]	0.8404084706716287	0.06440067207334733	 ,same chaps: 53, [{108}, {82}, {81, 85, 89, 91, 92, 93, 96, 98, 99, 100, 101, 103, 104, 105, 106, 107, 109, 110, 112, 113}, {102}]67, [{108}, {82}, {81, 85, 89, 91, 92, 93, 96, 98, 99, 100, 101, 103, 104, 105, 106, 107, 109, 110, 112, 113}, {102}]79, [{108}, {82}, {81, 85, 89, 91, 92, 93, 96, 98, 99, 100, 101, 103, 104, 105, 106, 107, 109, 110, 112, 113}, {102}]94, [{108}, {82}, {81, 85, 89, 91, 92, 93, 96, 98, 99, 100, 101, 103, 104, 105, 106, 107, 109, 110, 112, 113}, {102}]
69	6	Root	2	91	7	7	26	0.5564378014971152	_	_	_	_	_	[[7, 1], [5, 2], [9, 2], [1, 10], [29, 10], [14, 1]]	0.8322469197469199	0.08157211077859355	 ,same chaps: 53, [{108}, {82}, {81, 85, 89, 91, 92, 93, 96, 98, 99, 100, 101, 103, 104, 105, 106, 107, 109, 110, 112, 113}, {102}]67, [{108}, {82}, {81, 85, 89, 91, 92, 93, 96, 98, 99, 100, 101, 103, 104, 105, 106, 107, 109, 110, 112, 113}, {102}]79, [{108}, {82}, {81, 85, 89, 91, 92, 93, 96, 98, 99, 100, 101, 103, 104, 105, 106, 107, 109, 110, 112, 113}, {102}]94, [{108}, {82}, {81, 85, 89, 91, 92, 93, 96, 98, 99, 100, 101, 103, 104, 105, 106, 107, 109, 110, 112, 113}, {102}]
70	6	Root	2	91	6	6	26	0.5801084861928846	_	_	_	_	_	[[7, 1], [5, 2], [9, 2], [1, 10], [29, 10], [14, 1]]	0.8322469197469199	0.08157211077859355	 ,same chaps: 53, [{108}, {82}, {81, 85, 89, 91, 92, 93, 96, 98, 99, 100, 101, 103, 104, 105, 106, 107, 109, 110, 112, 113}, {102}]67, [{108}, {82}, {81, 85, 89, 91, 92, 93, 96, 98, 99, 100, 101, 103, 104, 105, 106, 107, 109, 110, 112, 113}, {102}]79, [{108}, {82}, {81, 85, 89, 91, 92, 93, 96, 98, 99, 100, 101, 103, 104, 105, 106, 107, 109, 110, 112, 113}, {102}]94, [{108}, {82}, {81, 85, 89, 91, 92, 93, 96, 98, 99, 100, 101, 103, 104, 105, 106, 107, 109, 110, 112, 113}, {102}]
71	16	Root	2	91	5	5	26	0.5980590760475006	_	_	_	_	_	[[4, 0], [2, 0], [3, 0], [2, 0], [3, 3], [5, 0], [4, 2], [0, 2], [0, 5], [0, 3], [0, 2], [1, 0], [2, 0], [27, 8], [8, 0], [4, 1]]	0.9211309523809523	0.14870919236737795	 ,same chaps: 53, [{108}, {82}, {81, 85, 89, 91, 92, 93, 96, 98, 99, 100, 101, 103, 104, 105, 106, 107, 109, 110, 112, 113}, {102}]67, [{108}, {82}, {81, 85, 89, 91, 92, 93, 96, 98, 99, 100, 101, 103, 104, 105, 106, 107, 109, 110, 112, 113}, {102}]79, [{108}, {82}, {81, 85, 89, 91, 92, 93, 96, 98, 99, 100, 101, 103, 104, 105, 106, 107, 109, 110, 112, 113}, {102}]94, [{108}, {82}, {81, 85, 89, 91, 92, 93, 96, 98, 99, 100, 101, 103, 104, 105, 106, 107, 109, 110, 112, 113}, {102}]
72	13	Root	2	91	4	4	26	0.6316486976006013	_	_	_	_	_	[[0, 3], [3, 0], [5, 0], [5, 2], [1, 2], [0, 2], [1, 3], [4, 0], [5, 0], [13, 0], [0, 5], [0, 2], [28, 7]]	0.9177655677655678	0.12628759613504378	 ,same chaps: 53, [{108}, {82}, {81, 85, 89, 91, 92, 93, 96, 98, 99, 100, 101, 103, 104, 105, 106, 107, 109, 110, 112, 113}, {102}]67, [{108}, {82}, {81, 85, 89, 91, 92, 93, 96, 98, 99, 100, 101, 103, 104, 105, 106, 107, 109, 110, 112, 113}, {102}]79, [{108}, {82}, {81, 85, 89, 91, 92, 93, 96, 98, 99, 100, 101, 103, 104, 105, 106, 107, 109, 110, 112, 113}, {102}]94, [{108}, {82}, {81, 85, 89, 91, 92, 93, 96, 98, 99, 100, 101, 103, 104, 105, 106, 107, 109, 110, 112, 113}, {102}]
73	17	Root	2	91	3	3	26	0.682248451048229	_	_	_	_	_	[[28, 6], [0, 2], [0, 3], [4, 0], [3, 0], [4, 0], [4, 0], [1, 3], [0, 3], [1, 2], [0, 2], [3, 0], [4, 0], [5, 0], [2, 2], [3, 0], [3, 3]]	0.8964821222606689	0.17532856759022564	 ,same chaps: 53, [{108}, {82}, {81, 85, 89, 91, 92, 93, 96, 98, 99, 100, 101, 103, 104, 105, 106, 107, 109, 110, 112, 113}, {102}]67, [{108}, {82}, {81, 85, 89, 91, 92, 93, 96, 98, 99, 100, 101, 103, 104, 105, 106, 107, 109, 110, 112, 113}, {102}]79, [{108}, {82}, {81, 85, 89, 91, 92, 93, 96, 98, 99, 100, 101, 103, 104, 105, 106, 107, 109, 110, 112, 113}, {102}]94, [{108}, {82}, {81, 85, 89, 91, 92, 93, 96, 98, 99, 100, 101, 103, 104, 105, 106, 107, 109, 110, 112, 113}, {102}]
74	13	Root	2	91	2	2	26	0.8091964701082568	_	_	_	_	_	[[0, 3], [1, 4], [4, 5], [4, 0], [8, 0], [6, 0], [6, 0], [5, 0], [4, 0], [26, 4], [1, 4], [0, 3], [0, 3]]	0.9247863247863249	0.13060992475140557	 ,same chaps: 53, [{108}, {82}, {81, 85, 89, 91, 92, 93, 96, 98, 99, 100, 101, 103, 104, 105, 106, 107, 109, 110, 112, 113}, {102}]67, [{108}, {82}, {81, 85, 89, 91, 92, 93, 96, 98, 99, 100, 101, 103, 104, 105, 106, 107, 109, 110, 112, 113}, {102}]79, [{108}, {82}, {81, 85, 89, 91, 92, 93, 96, 98, 99, 100, 101, 103, 104, 105, 106, 107, 109, 110, 112, 113}, {102}]94, [{108}, {82}, {81, 85, 89, 91, 92, 93, 96, 98, 99, 100, 101, 103, 104, 105, 106, 107, 109, 110, 112, 113}, {102}]
............
76	4	Root	2	85	30	30	31	0.3676004335958667	_	_	_	_	_	[[10, 4], [6, 7], [21, 2], [23, 12]]	0.7057333970377448	0.13545435314697674	 ,same chaps: 0, [{55}, {108}, {82}, {71, 76, 79, 81, 85, 89, 90, 91, 92, 93, 96, 98, 99, 100, 101, 103, 104, 105, 106, 107, 109, 110, 112, 113}, {97, 102}]53, [{55}, {108}, {82}, {71, 76, 79, 81, 85, 89, 90, 91, 92, 93, 96, 98, 99, 100, 101, 103, 104, 105, 106, 107, 109, 110, 112, 113}, {97, 102}]67, [{55}, {108}, {82}, {71, 76, 79, 81, 85, 89, 90, 91, 92, 93, 96, 98, 99, 100, 101, 103, 104, 105, 106, 107, 109, 110, 112, 113}, {97, 102}]69, [{55}, {108}, {82}, {71, 76, 79, 81, 85, 89, 90, 91, 92, 93, 96, 98, 99, 100, 101, 103, 104, 105, 106, 107, 109, 110, 112, 113}, {97, 102}]94, [{55}, {108}, {82}, {71, 76, 79, 81, 85, 89, 90, 91, 92, 93, 96, 98, 99, 100, 101, 103, 104, 105, 106, 107, 109, 110, 112, 113}, {97, 102}]
77	7	Root	2	85	20	20	31	0.3690380821093296	_	_	_	_	_	[[5, 4], [5, 2], [6, 2], [3, 0], [18, 2], [1, 6], [22, 9]]	0.783808792334138	0.13585097583768577	 ,same chaps: 0, [{55}, {108}, {82}, {71, 76, 79, 81, 85, 89, 90, 91, 92, 93, 96, 98, 99, 100, 101, 103, 104, 105, 106, 107, 109, 110, 112, 113}, {97, 102}]53, [{55}, {108}, {82}, {71, 76, 79, 81, 85, 89, 90, 91, 92, 93, 96, 98, 99, 100, 101, 103, 104, 105, 106, 107, 109, 110, 112, 113}, {97, 102}]67, [{55}, {108}, {82}, {71, 76, 79, 81, 85, 89, 90, 91, 92, 93, 96, 98, 99, 100, 101, 103, 104, 105, 106, 107, 109, 110, 112, 113}, {97, 102}]69, [{55}, {108}, {82}, {71, 76, 79, 81, 85, 89, 90, 91, 92, 93, 96, 98, 99, 100, 101, 103, 104, 105, 106, 107, 109, 110, 112, 113}, {97, 102}]94, [{55}, {108}, {82}, {71, 76, 79, 81, 85, 89, 90, 91, 92, 93, 96, 98, 99, 100, 101, 103, 104, 105, 106, 107, 109, 110, 112, 113}, {97, 102}]
78	17	Root	2	85	10	10	31	0.44817461625887706	_	_	_	_	_	[[5, 3], [0, 1], [5, 1], [3, 1], [1, 1], [2, 0], [1, 0], [4, 0], [4, 0], [3, 0], [1, 2], [8, 0], [0, 4], [1, 2], [0, 2], [22, 7], [0, 1]]	0.8706051386071669	0.1674650900986525	 ,same chaps: 0, [{55}, {108}, {82}, {71, 76, 79, 81, 85, 89, 90, 91, 92, 93, 96, 98, 99, 100, 101, 103, 104, 105, 106, 107, 109, 110, 112, 113}, {97, 102}]53, [{55}, {108}, {82}, {71, 76, 79, 81, 85, 89, 90, 91, 92, 93, 96, 98, 99, 100, 101, 103, 104, 105, 106, 107, 109, 110, 112, 113}, {97, 102}]67, [{55}, {108}, {82}, {71, 76, 79, 81, 85, 89, 90, 91, 92, 93, 96, 98, 99, 100, 101, 103, 104, 105, 106, 107, 109, 110, 112, 113}, {97, 102}]69, [{55}, {108}, {82}, {71, 76, 79, 81, 85, 89, 90, 91, 92, 93, 96, 98, 99, 100, 101, 103, 104, 105, 106, 107, 109, 110, 112, 113}, {97, 102}]94, [{55}, {108}, {82}, {71, 76, 79, 81, 85, 89, 90, 91, 92, 93, 96, 98, 99, 100, 101, 103, 104, 105, 106, 107, 109, 110, 112, 113}, {97, 102}]
79	17	Root	2	85	10	10	31	0.44817461625887706	_	_	_	_	_	[[5, 3], [0, 1], [5, 1], [3, 1], [1, 1], [2, 0], [1, 0], [4, 0], [4, 0], [3, 0], [1, 2], [8, 0], [0, 4], [1, 2], [0, 2], [22, 7], [0, 1]]	0.8706051386071669	0.1674650900986525	 ,same chaps: 0, [{55}, {108}, {82}, {71, 76, 79, 81, 85, 89, 90, 91, 92, 93, 96, 98, 99, 100, 101, 103, 104, 105, 106, 107, 109, 110, 112, 113}, {97, 102}]53, [{55}, {108}, {82}, {71, 76, 79, 81, 85, 89, 90, 91, 92, 93, 96, 98, 99, 100, 101, 103, 104, 105, 106, 107, 109, 110, 112, 113}, {97, 102}]67, [{55}, {108}, {82}, {71, 76, 79, 81, 85, 89, 90, 91, 92, 93, 96, 98, 99, 100, 101, 103, 104, 105, 106, 107, 109, 110, 112, 113}, {97, 102}]69, [{55}, {108}, {82}, {71, 76, 79, 81, 85, 89, 90, 91, 92, 93, 96, 98, 99, 100, 101, 103, 104, 105, 106, 107, 109, 110, 112, 113}, {97, 102}]94, [{55}, {108}, {82}, {71, 76, 79, 81, 85, 89, 90, 91, 92, 93, 96, 98, 99, 100, 101, 103, 104, 105, 106, 107, 109, 110, 112, 113}, {97, 102}]
80	17	Root	2	85	9	9	31	0.4668409801805193	_	_	_	_	_	[[5, 3], [0, 1], [5, 1], [2, 1], [1, 1], [3, 0], [1, 0], [4, 0], [4, 0], [3, 0], [7, 0], [2, 2], [1, 2], [0, 4], [0, 2], [22, 7], [0, 1]]	0.8558992562542258	0.18722172409536475	 ,same chaps: 0, [{55}, {108}, {82}, {71, 76, 79, 81, 85, 89, 90, 91, 92, 93, 96, 98, 99, 100, 101, 103, 104, 105, 106, 107, 109, 110, 112, 113}, {97, 102}]53, [{55}, {108}, {82}, {71, 76, 79, 81, 85, 89, 90, 91, 92, 93, 96, 98, 99, 100, 101, 103, 104, 105, 106, 107, 109, 110, 112, 113}, {97, 102}]67, [{55}, {108}, {82}, {71, 76, 79, 81, 85, 89, 90, 91, 92, 93, 96, 98, 99, 100, 101, 103, 104, 105, 106, 107, 109, 110, 112, 113}, {97, 102}]69, [{55}, {108}, {82}, {71, 76, 79, 81, 85, 89, 90, 91, 92, 93, 96, 98, 99, 100, 101, 103, 104, 105, 106, 107, 109, 110, 112, 113}, {97, 102}]94, [{55}, {108}, {82}, {71, 76, 79, 81, 85, 89, 90, 91, 92, 93, 96, 98, 99, 100, 101, 103, 104, 105, 106, 107, 109, 110, 112, 113}, {97, 102}]
81	19	Root	2	85	8	8	31	0.4953701142768802	_	_	_	_	_	[[3, 3], [3, 0], [0, 1], [5, 1], [2, 1], [2, 0], [1, 1], [2, 0], [3, 0], [2, 0], [2, 0], [3, 0], [7, 0], [2, 2], [0, 4], [1, 2], [0, 2], [22, 7], [0, 1]]	0.8644888082274652	0.19322220541535556	 ,same chaps: 0, [{55}, {108}, {82}, {71, 76, 79, 81, 85, 89, 90, 91, 92, 93, 96, 98, 99, 100, 101, 103, 104, 105, 106, 107, 109, 110, 112, 113}, {97, 102}]53, [{55}, {108}, {82}, {71, 76, 79, 81, 85, 89, 90, 91, 92, 93, 96, 98, 99, 100, 101, 103, 104, 105, 106, 107, 109, 110, 112, 113}, {97, 102}]67, [{55}, {108}, {82}, {71, 76, 79, 81, 85, 89, 90, 91, 92, 93, 96, 98, 99, 100, 101, 103, 104, 105, 106, 107, 109, 110, 112, 113}, {97, 102}]69, [{55}, {108}, {82}, {71, 76, 79, 81, 85, 89, 90, 91, 92, 93, 96, 98, 99, 100, 101, 103, 104, 105, 106, 107, 109, 110, 112, 113}, {97, 102}]94, [{55}, {108}, {82}, {71, 76, 79, 81, 85, 89, 90, 91, 92, 93, 96, 98, 99, 100, 101, 103, 104, 105, 106, 107, 109, 110, 112, 113}, {97, 102}]
82	18	Root	2	85	7	7	31	0.5192638923291872	_	_	_	_	_	[[2, 0], [2, 2], [1, 1], [3, 0], [1, 1], [2, 0], [4, 3], [3, 0], [0, 1], [0, 2], [8, 0], [3, 0], [4, 0], [4, 0], [22, 8], [0, 1], [0, 4], [1, 2]]	0.8595238095238095	0.20557394046605285	 ,same chaps: 0, [{55}, {108}, {82}, {71, 76, 79, 81, 85, 89, 90, 91, 92, 93, 96, 98, 99, 100, 101, 103, 104, 105, 106, 107, 109, 110, 112, 113}, {97, 102}]53, [{55}, {108}, {82}, {71, 76, 79, 81, 85, 89, 90, 91, 92, 93, 96, 98, 99, 100, 101, 103, 104, 105, 106, 107, 109, 110, 112, 113}, {97, 102}]67, [{55}, {108}, {82}, {71, 76, 79, 81, 85, 89, 90, 91, 92, 93, 96, 98, 99, 100, 101, 103, 104, 105, 106, 107, 109, 110, 112, 113}, {97, 102}]69, [{55}, {108}, {82}, {71, 76, 79, 81, 85, 89, 90, 91, 92, 93, 96, 98, 99, 100, 101, 103, 104, 105, 106, 107, 109, 110, 112, 113}, {97, 102}]94, [{55}, {108}, {82}, {71, 76, 79, 81, 85, 89, 90, 91, 92, 93, 96, 98, 99, 100, 101, 103, 104, 105, 106, 107, 109, 110, 112, 113}, {97, 102}]
83	4	Root	2	85	6	6	31	0.5244104223774602	_	_	_	_	_	[[22, 13], [19, 2], [11, 4], [8, 6]]	0.7095238095238094	0.12679549481613664	 ,same chaps: 0, [{55}, {108}, {82}, {71, 76, 79, 81, 85, 89, 90, 91, 92, 93, 96, 98, 99, 100, 101, 103, 104, 105, 106, 107, 109, 110, 112, 113}, {97, 102}]53, [{55}, {108}, {82}, {71, 76, 79, 81, 85, 89, 90, 91, 92, 93, 96, 98, 99, 100, 101, 103, 104, 105, 106, 107, 109, 110, 112, 113}, {97, 102}]67, [{55}, {108}, {82}, {71, 76, 79, 81, 85, 89, 90, 91, 92, 93, 96, 98, 99, 100, 101, 103, 104, 105, 106, 107, 109, 110, 112, 113}, {97, 102}]69, [{55}, {108}, {82}, {71, 76, 79, 81, 85, 89, 90, 91, 92, 93, 96, 98, 99, 100, 101, 103, 104, 105, 106, 107, 109, 110, 112, 113}, {97, 102}]94, [{55}, {108}, {82}, {71, 76, 79, 81, 85, 89, 90, 91, 92, 93, 96, 98, 99, 100, 101, 103, 104, 105, 106, 107, 109, 110, 112, 113}, {97, 102}]
84	16	Root	2	85	5	5	31	0.577437699446561	_	_	_	_	_	[[22, 5], [0, 7], [2, 0], [3, 0], [8, 0], [4, 2], [4, 3], [0, 3], [1, 0], [0, 1], [2, 0], [3, 0], [4, 0], [2, 1], [3, 0], [2, 3]]	0.894973544973545	0.16273067172771724	 ,same chaps: 0, [{55}, {108}, {82}, {71, 76, 79, 81, 85, 89, 90, 91, 92, 93, 96, 98, 99, 100, 101, 103, 104, 105, 106, 107, 109, 110, 112, 113}, {97, 102}]53, [{55}, {108}, {82}, {71, 76, 79, 81, 85, 89, 90, 91, 92, 93, 96, 98, 99, 100, 101, 103, 104, 105, 106, 107, 109, 110, 112, 113}, {97, 102}]67, [{55}, {108}, {82}, {71, 76, 79, 81, 85, 89, 90, 91, 92, 93, 96, 98, 99, 100, 101, 103, 104, 105, 106, 107, 109, 110, 112, 113}, {97, 102}]69, [{55}, {108}, {82}, {71, 76, 79, 81, 85, 89, 90, 91, 92, 93, 96, 98, 99, 100, 101, 103, 104, 105, 106, 107, 109, 110, 112, 113}, {97, 102}]94, [{55}, {108}, {82}, {71, 76, 79, 81, 85, 89, 90, 91, 92, 93, 96, 98, 99, 100, 101, 103, 104, 105, 106, 107, 109, 110, 112, 113}, {97, 102}]
85	19	Root	2	85	4	4	31	0.5732214623884433	_	_	_	_	_	[[1, 6], [21, 4], [0, 1], [0, 2], [7, 0], [6, 0], [2, 0], [3, 0], [2, 0], [2, 0], [0, 2], [4, 3], [0, 3], [1, 0], [2, 0], [2, 0], [2, 1], [3, 0], [2, 3]]	0.9229072681704261	0.1428783522047573	 ,same chaps: 0, [{55}, {108}, {82}, {71, 76, 79, 81, 85, 89, 90, 91, 92, 93, 96, 98, 99, 100, 101, 103, 104, 105, 106, 107, 109, 110, 112, 113}, {97, 102}]53, [{55}, {108}, {82}, {71, 76, 79, 81, 85, 89, 90, 91, 92, 93, 96, 98, 99, 100, 101, 103, 104, 105, 106, 107, 109, 110, 112, 113}, {97, 102}]67, [{55}, {108}, {82}, {71, 76, 79, 81, 85, 89, 90, 91, 92, 93, 96, 98, 99, 100, 101, 103, 104, 105, 106, 107, 109, 110, 112, 113}, {97, 102}]69, [{55}, {108}, {82}, {71, 76, 79, 81, 85, 89, 90, 91, 92, 93, 96, 98, 99, 100, 101, 103, 104, 105, 106, 107, 109, 110, 112, 113}, {97, 102}]94, [{55}, {108}, {82}, {71, 76, 79, 81, 85, 89, 90, 91, 92, 93, 96, 98, 99, 100, 101, 103, 104, 105, 106, 107, 109, 110, 112, 113}, {97, 102}]
86	12	Root	2	85	3	3	31	0.6872755317816646	_	_	_	_	_	[[22, 5], [0, 6], [0, 2], [7, 0], [4, 4], [1, 4], [6, 2], [1, 2], [4, 0], [7, 0], [4, 0], [4, 0]]	0.8776234567901234	0.1628374557616677	 ,same chaps: 0, [{55}, {108}, {82}, {71, 76, 79, 81, 85, 89, 90, 91, 92, 93, 96, 98, 99, 100, 101, 103, 104, 105, 106, 107, 109, 110, 112, 113}, {97, 102}]53, [{55}, {108}, {82}, {71, 76, 79, 81, 85, 89, 90, 91, 92, 93, 96, 98, 99, 100, 101, 103, 104, 105, 106, 107, 109, 110, 112, 113}, {97, 102}]67, [{55}, {108}, {82}, {71, 76, 79, 81, 85, 89, 90, 91, 92, 93, 96, 98, 99, 100, 101, 103, 104, 105, 106, 107, 109, 110, 112, 113}, {97, 102}]69, [{55}, {108}, {82}, {71, 76, 79, 81, 85, 89, 90, 91, 92, 93, 96, 98, 99, 100, 101, 103, 104, 105, 106, 107, 109, 110, 112, 113}, {97, 102}]94, [{55}, {108}, {82}, {71, 76, 79, 81, 85, 89, 90, 91, 92, 93, 96, 98, 99, 100, 101, 103, 104, 105, 106, 107, 109, 110, 112, 113}, {97, 102}]
87	8	Root	2	85	2	2	31	0.7941397147386443	_	_	_	_	_	[[21, 5], [2, 7], [12, 1], [7, 0], [1, 5], [1, 2], [6, 5], [10, 0]]	0.8192501942501942	0.14850027156603499	 ,same chaps: 0, [{55}, {108}, {82}, {71, 76, 79, 81, 85, 89, 90, 91, 92, 93, 96, 98, 99, 100, 101, 103, 104, 105, 106, 107, 109, 110, 112, 113}, {97, 102}]53, [{55}, {108}, {82}, {71, 76, 79, 81, 85, 89, 90, 91, 92, 93, 96, 98, 99, 100, 101, 103, 104, 105, 106, 107, 109, 110, 112, 113}, {97, 102}]67, [{55}, {108}, {82}, {71, 76, 79, 81, 85, 89, 90, 91, 92, 93, 96, 98, 99, 100, 101, 103, 104, 105, 106, 107, 109, 110, 112, 113}, {97, 102}]69, [{55}, {108}, {82}, {71, 76, 79, 81, 85, 89, 90, 91, 92, 93, 96, 98, 99, 100, 101, 103, 104, 105, 106, 107, 109, 110, 112, 113}, {97, 102}]94, [{55}, {108}, {82}, {71, 76, 79, 81, 85, 89, 90, 91, 92, 93, 96, 98, 99, 100, 101, 103, 104, 105, 106, 107, 109, 110, 112, 113}, {97, 102}]

************
Maximum achived silhouette score for PCA is: 0.9060316659732124 in plot(s) number(s)[19]
maximum achived max rate mean for clusters is: 0.9247863247863249 in plot(s) number(s)[74]
minimum achived max rate variance for clusters is: 0.026385927505330475 in plot(s) number(s)[40, 41, 42, 43, 44, 45, 46, 50]