plot#	#clusters	type	windowSize	#chapter	#feature	minSupport	QualityMeasure	#True(Mk+Md)	#mkTrue/#realMk	mdTrue/realMd	#realMK-#realMD in each cluster	delChapters	sameChapters
----------gSapn->clustering----------
*In all over Quran considered number of makki surahs is 86 and for madani surahs is 28
1	2	Root	2	104	7023	11	0.07743054427349173	87	86	1	1.0	0.03571428571428571	[[76, 27], [0, 1]]	0.8689320388349515	0.13106796116504854	 ,same chaps: 91, [{99, 100, 101, 103, 104, 106, 107, 110, 93}, {113}]112, [{99, 100, 101, 103, 104, 106, 107, 110, 93}, {113}]
21	2	Root	2	98	851	16	0.09987506384502623	87	86	1	1.0	0.03571428571428571	[[71, 26], [0, 1]]	0.865979381443299	0.13402061855670105	 ,same chaps: 81, [{96, 98, 99, 100, 101, 103, 104, 105, 106, 107, 110, 91, 92, 93}, {89}, {113}]85, [{96, 98, 99, 100, 101, 103, 104, 105, 106, 107, 110, 91, 92, 93}, {89}, {113}]112, [{96, 98, 99, 100, 101, 103, 104, 105, 106, 107, 110, 91, 92, 93}, {89}, {113}]
40	2	Root	2	95	208	21	0.17789520408363385	87	86	1	1.0	0.03571428571428571	[[68, 26], [0, 1]]	0.8617021276595744	0.1382978723404255	 ,same chaps: 79, [{96, 98, 99, 100, 101, 103, 104, 105, 106, 107, 110, 81, 85, 89, 91, 92, 93}, {102}, {113}]94, [{96, 98, 99, 100, 101, 103, 104, 105, 106, 107, 110, 81, 85, 89, 91, 92, 93}, {102}, {113}]112, [{96, 98, 99, 100, 101, 103, 104, 105, 106, 107, 110, 81, 85, 89, 91, 92, 93}, {102}, {113}]
59	0	Root	2	91	73	26	-20	_	_	_	_	_	_.._	 ,same chaps: 53, [{108}, {82}, {81, 85, 89, 91, 92, 93, 96, 98, 99, 100, 101, 103, 104, 105, 106, 107, 109, 110, 112, 113}, {102}]67, [{108}, {82}, {81, 85, 89, 91, 92, 93, 96, 98, 99, 100, 101, 103, 104, 105, 106, 107, 109, 110, 112, 113}, {102}]79, [{108}, {82}, {81, 85, 89, 91, 92, 93, 96, 98, 99, 100, 101, 103, 104, 105, 106, 107, 109, 110, 112, 113}, {102}]94, [{108}, {82}, {81, 85, 89, 91, 92, 93, 96, 98, 99, 100, 101, 103, 104, 105, 106, 107, 109, 110, 112, 113}, {102}]
76	0	Root	2	85	31	31	-20	_	_	_	_	_	_.._	 ,same chaps: 0, [{55}, {108}, {82}, {71, 76, 79, 81, 85, 89, 90, 91, 92, 93, 96, 98, 99, 100, 101, 103, 104, 105, 106, 107, 109, 110, 112, 113}, {97, 102}]53, [{55}, {108}, {82}, {71, 76, 79, 81, 85, 89, 90, 91, 92, 93, 96, 98, 99, 100, 101, 103, 104, 105, 106, 107, 109, 110, 112, 113}, {97, 102}]67, [{55}, {108}, {82}, {71, 76, 79, 81, 85, 89, 90, 91, 92, 93, 96, 98, 99, 100, 101, 103, 104, 105, 106, 107, 109, 110, 112, 113}, {97, 102}]69, [{55}, {108}, {82}, {71, 76, 79, 81, 85, 89, 90, 91, 92, 93, 96, 98, 99, 100, 101, 103, 104, 105, 106, 107, 109, 110, 112, 113}, {97, 102}]94, [{55}, {108}, {82}, {71, 76, 79, 81, 85, 89, 90, 91, 92, 93, 96, 98, 99, 100, 101, 103, 104, 105, 106, 107, 109, 110, 112, 113}, {97, 102}]
89	0	Root	2	76	15	36	-20	_	_	_	_	_	_.._	 ,same chaps: 0, [{55, 67, 68, 69, 71, 74, 76, 79, 81, 82, 85, 87, 89, 90, 91, 92, 93, 96, 98, 99, 100, 101, 103, 104, 105, 106, 107, 109, 110, 111, 112, 113}, {77}, {108}, {86}, {80}, {97, 102}]49, [{55, 67, 68, 69, 71, 74, 76, 79, 81, 82, 85, 87, 89, 90, 91, 92, 93, 96, 98, 99, 100, 101, 103, 104, 105, 106, 107, 109, 110, 111, 112, 113}, {77}, {108}, {86}, {80}, {97, 102}]53, [{55, 67, 68, 69, 71, 74, 76, 79, 81, 82, 85, 87, 89, 90, 91, 92, 93, 96, 98, 99, 100, 101, 103, 104, 105, 106, 107, 109, 110, 111, 112, 113}, {77}, {108}, {86}, {80}, {97, 102}]59, [{55, 67, 68, 69, 71, 74, 76, 79, 81, 82, 85, 87, 89, 90, 91, 92, 93, 96, 98, 99, 100, 101, 103, 104, 105, 106, 107, 109, 110, 111, 112, 113}, {77}, {108}, {86}, {80}, {97, 102}]73, [{55, 67, 68, 69, 71, 74, 76, 79, 81, 82, 85, 87, 89, 90, 91, 92, 93, 96, 98, 99, 100, 101, 103, 104, 105, 106, 107, 109, 110, 111, 112, 113}, {77}, {108}, {86}, {80}, {97, 102}]94, [{55, 67, 68, 69, 71, 74, 76, 79, 81, 82, 85, 87, 89, 90, 91, 92, 93, 96, 98, 99, 100, 101, 103, 104, 105, 106, 107, 109, 110, 111, 112, 113}, {77}, {108}, {86}, {80}, {97, 102}]
90	0	Root	2	65	9	41	-20	_	_	_	_	_	_.._	 ,same chaps: 0, [{53, 55, 67, 68, 69, 71, 72, 74, 76, 79, 81, 82, 85, 87, 89, 90, 91, 92, 93, 95, 96, 98, 99, 100, 101, 103, 104, 105, 106, 107, 108, 109, 110, 111, 112, 113}, {73, 75, 80, 86, 59}, {51, 60, 77}, {57}, {78}, {97, 102, 94}]7, [{53, 55, 67, 68, 69, 71, 72, 74, 76, 79, 81, 82, 85, 87, 89, 90, 91, 92, 93, 95, 96, 98, 99, 100, 101, 103, 104, 105, 106, 107, 108, 109, 110, 111, 112, 113}, {73, 75, 80, 86, 59}, {51, 60, 77}, {57}, {78}, {97, 102, 94}]49, [{53, 55, 67, 68, 69, 71, 72, 74, 76, 79, 81, 82, 85, 87, 89, 90, 91, 92, 93, 95, 96, 98, 99, 100, 101, 103, 104, 105, 106, 107, 108, 109, 110, 111, 112, 113}, {73, 75, 80, 86, 59}, {51, 60, 77}, {57}, {78}, {97, 102, 94}]52, [{53, 55, 67, 68, 69, 71, 72, 74, 76, 79, 81, 82, 85, 87, 89, 90, 91, 92, 93, 95, 96, 98, 99, 100, 101, 103, 104, 105, 106, 107, 108, 109, 110, 111, 112, 113}, {73, 75, 80, 86, 59}, {51, 60, 77}, {57}, {78}, {97, 102, 94}]70, [{53, 55, 67, 68, 69, 71, 72, 74, 76, 79, 81, 82, 85, 87, 89, 90, 91, 92, 93, 95, 96, 98, 99, 100, 101, 103, 104, 105, 106, 107, 108, 109, 110, 111, 112, 113}, {73, 75, 80, 86, 59}, {51, 60, 77}, {57}, {78}, {97, 102, 94}]83, [{53, 55, 67, 68, 69, 71, 72, 74, 76, 79, 81, 82, 85, 87, 89, 90, 91, 92, 93, 95, 96, 98, 99, 100, 101, 103, 104, 105, 106, 107, 108, 109, 110, 111, 112, 113}, {73, 75, 80, 86, 59}, {51, 60, 77}, {57}, {78}, {97, 102, 94}]
91	0	Root	2	31	6	46	-20	_	_	_	_	_	_.._	 ,same chaps: 0, [{40, 53, 55, 67, 68, 69, 70, 71, 72, 74, 76, 78, 79, 81, 82, 83, 85, 87, 88, 89, 90, 91, 92, 93, 94, 95, 96, 97, 98, 99, 100, 101, 102, 103, 104, 105, 106, 107, 108, 109, 110, 111, 112, 113}, {33, 34, 44}, {65, 27, 73, 75, 46, 80, 86, 59}, {48}, {45}, {56, 41}, {77, 49, 50, 51, 25, 60, 62}, {24, 42, 37}, {21, 63}, {19, 54, 31}, {32, 64, 35, 36, 39, 52, 84, 57, 61}]4, [{40, 53, 55, 67, 68, 69, 70, 71, 72, 74, 76, 78, 79, 81, 82, 83, 85, 87, 88, 89, 90, 91, 92, 93, 94, 95, 96, 97, 98, 99, 100, 101, 102, 103, 104, 105, 106, 107, 108, 109, 110, 111, 112, 113}, {33, 34, 44}, {65, 27, 73, 75, 46, 80, 86, 59}, {48}, {45}, {56, 41}, {77, 49, 50, 51, 25, 60, 62}, {24, 42, 37}, {21, 63}, {19, 54, 31}, {32, 64, 35, 36, 39, 52, 84, 57, 61}]7, [{40, 53, 55, 67, 68, 69, 70, 71, 72, 74, 76, 78, 79, 81, 82, 83, 85, 87, 88, 89, 90, 91, 92, 93, 94, 95, 96, 97, 98, 99, 100, 101, 102, 103, 104, 105, 106, 107, 108, 109, 110, 111, 112, 113}, {33, 34, 44}, {65, 27, 73, 75, 46, 80, 86, 59}, {48}, {45}, {56, 41}, {77, 49, 50, 51, 25, 60, 62}, {24, 42, 37}, {21, 63}, {19, 54, 31}, {32, 64, 35, 36, 39, 52, 84, 57, 61}]11, [{40, 53, 55, 67, 68, 69, 70, 71, 72, 74, 76, 78, 79, 81, 82, 83, 85, 87, 88, 89, 90, 91, 92, 93, 94, 95, 96, 97, 98, 99, 100, 101, 102, 103, 104, 105, 106, 107, 108, 109, 110, 111, 112, 113}, {33, 34, 44}, {65, 27, 73, 75, 46, 80, 86, 59}, {48}, {45}, {56, 41}, {77, 49, 50, 51, 25, 60, 62}, {24, 42, 37}, {21, 63}, {19, 54, 31}, {32, 64, 35, 36, 39, 52, 84, 57, 61}]12, [{40, 53, 55, 67, 68, 69, 70, 71, 72, 74, 76, 78, 79, 81, 82, 83, 85, 87, 88, 89, 90, 91, 92, 93, 94, 95, 96, 97, 98, 99, 100, 101, 102, 103, 104, 105, 106, 107, 108, 109, 110, 111, 112, 113}, {33, 34, 44}, {65, 27, 73, 75, 46, 80, 86, 59}, {48}, {45}, {56, 41}, {77, 49, 50, 51, 25, 60, 62}, {24, 42, 37}, {21, 63}, {19, 54, 31}, {32, 64, 35, 36, 39, 52, 84, 57, 61}]13, [{40, 53, 55, 67, 68, 69, 70, 71, 72, 74, 76, 78, 79, 81, 82, 83, 85, 87, 88, 89, 90, 91, 92, 93, 94, 95, 96, 97, 98, 99, 100, 101, 102, 103, 104, 105, 106, 107, 108, 109, 110, 111, 112, 113}, {33, 34, 44}, {65, 27, 73, 75, 46, 80, 86, 59}, {48}, {45}, {56, 41}, {77, 49, 50, 51, 25, 60, 62}, {24, 42, 37}, {21, 63}, {19, 54, 31}, {32, 64, 35, 36, 39, 52, 84, 57, 61}]14, [{40, 53, 55, 67, 68, 69, 70, 71, 72, 74, 76, 78, 79, 81, 82, 83, 85, 87, 88, 89, 90, 91, 92, 93, 94, 95, 96, 97, 98, 99, 100, 101, 102, 103, 104, 105, 106, 107, 108, 109, 110, 111, 112, 113}, {33, 34, 44}, {65, 27, 73, 75, 46, 80, 86, 59}, {48}, {45}, {56, 41}, {77, 49, 50, 51, 25, 60, 62}, {24, 42, 37}, {21, 63}, {19, 54, 31}, {32, 64, 35, 36, 39, 52, 84, 57, 61}]16, [{40, 53, 55, 67, 68, 69, 70, 71, 72, 74, 76, 78, 79, 81, 82, 83, 85, 87, 88, 89, 90, 91, 92, 93, 94, 95, 96, 97, 98, 99, 100, 101, 102, 103, 104, 105, 106, 107, 108, 109, 110, 111, 112, 113}, {33, 34, 44}, {65, 27, 73, 75, 46, 80, 86, 59}, {48}, {45}, {56, 41}, {77, 49, 50, 51, 25, 60, 62}, {24, 42, 37}, {21, 63}, {19, 54, 31}, {32, 64, 35, 36, 39, 52, 84, 57, 61}]17, [{40, 53, 55, 67, 68, 69, 70, 71, 72, 74, 76, 78, 79, 81, 82, 83, 85, 87, 88, 89, 90, 91, 92, 93, 94, 95, 96, 97, 98, 99, 100, 101, 102, 103, 104, 105, 106, 107, 108, 109, 110, 111, 112, 113}, {33, 34, 44}, {65, 27, 73, 75, 46, 80, 86, 59}, {48}, {45}, {56, 41}, {77, 49, 50, 51, 25, 60, 62}, {24, 42, 37}, {21, 63}, {19, 54, 31}, {32, 64, 35, 36, 39, 52, 84, 57, 61}]18, [{40, 53, 55, 67, 68, 69, 70, 71, 72, 74, 76, 78, 79, 81, 82, 83, 85, 87, 88, 89, 90, 91, 92, 93, 94, 95, 96, 97, 98, 99, 100, 101, 102, 103, 104, 105, 106, 107, 108, 109, 110, 111, 112, 113}, {33, 34, 44}, {65, 27, 73, 75, 46, 80, 86, 59}, {48}, {45}, {56, 41}, {77, 49, 50, 51, 25, 60, 62}, {24, 42, 37}, {21, 63}, {19, 54, 31}, {32, 64, 35, 36, 39, 52, 84, 57, 61}]22, [{40, 53, 55, 67, 68, 69, 70, 71, 72, 74, 76, 78, 79, 81, 82, 83, 85, 87, 88, 89, 90, 91, 92, 93, 94, 95, 96, 97, 98, 99, 100, 101, 102, 103, 104, 105, 106, 107, 108, 109, 110, 111, 112, 113}, {33, 34, 44}, {65, 27, 73, 75, 46, 80, 86, 59}, {48}, {45}, {56, 41}, {77, 49, 50, 51, 25, 60, 62}, {24, 42, 37}, {21, 63}, {19, 54, 31}, {32, 64, 35, 36, 39, 52, 84, 57, 61}]
92	0	Root	2	24	4	51	-20	_	_	_	_	_	_.._	 ,same chaps: 0, [{7, 27, 40, 46, 53, 55, 59, 65, 67, 68, 69, 70, 71, 72, 73, 74, 75, 76, 78, 79, 80, 81, 82, 83, 85, 86, 87, 88, 89, 90, 91, 92, 93, 94, 95, 96, 97, 98, 99, 100, 101, 102, 103, 104, 105, 106, 107, 108, 109, 110, 111, 112, 113}, {33, 34, 20, 44}, {48}, {45, 18, 19, 54, 31}, {56, 41}, {32, 64, 35, 36, 39, 77, 49, 50, 51, 52, 84, 22, 25, 60, 61, 62, 57}, {37, 42, 17, 21, 24, 63}, {30}, {47}]4, [{7, 27, 40, 46, 53, 55, 59, 65, 67, 68, 69, 70, 71, 72, 73, 74, 75, 76, 78, 79, 80, 81, 82, 83, 85, 86, 87, 88, 89, 90, 91, 92, 93, 94, 95, 96, 97, 98, 99, 100, 101, 102, 103, 104, 105, 106, 107, 108, 109, 110, 111, 112, 113}, {33, 34, 20, 44}, {48}, {45, 18, 19, 54, 31}, {56, 41}, {32, 64, 35, 36, 39, 77, 49, 50, 51, 52, 84, 22, 25, 60, 61, 62, 57}, {37, 42, 17, 21, 24, 63}, {30}, {47}]11, [{7, 27, 40, 46, 53, 55, 59, 65, 67, 68, 69, 70, 71, 72, 73, 74, 75, 76, 78, 79, 80, 81, 82, 83, 85, 86, 87, 88, 89, 90, 91, 92, 93, 94, 95, 96, 97, 98, 99, 100, 101, 102, 103, 104, 105, 106, 107, 108, 109, 110, 111, 112, 113}, {33, 34, 20, 44}, {48}, {45, 18, 19, 54, 31}, {56, 41}, {32, 64, 35, 36, 39, 77, 49, 50, 51, 52, 84, 22, 25, 60, 61, 62, 57}, {37, 42, 17, 21, 24, 63}, {30}, {47}]12, [{7, 27, 40, 46, 53, 55, 59, 65, 67, 68, 69, 70, 71, 72, 73, 74, 75, 76, 78, 79, 80, 81, 82, 83, 85, 86, 87, 88, 89, 90, 91, 92, 93, 94, 95, 96, 97, 98, 99, 100, 101, 102, 103, 104, 105, 106, 107, 108, 109, 110, 111, 112, 113}, {33, 34, 20, 44}, {48}, {45, 18, 19, 54, 31}, {56, 41}, {32, 64, 35, 36, 39, 77, 49, 50, 51, 52, 84, 22, 25, 60, 61, 62, 57}, {37, 42, 17, 21, 24, 63}, {30}, {47}]13, [{7, 27, 40, 46, 53, 55, 59, 65, 67, 68, 69, 70, 71, 72, 73, 74, 75, 76, 78, 79, 80, 81, 82, 83, 85, 86, 87, 88, 89, 90, 91, 92, 93, 94, 95, 96, 97, 98, 99, 100, 101, 102, 103, 104, 105, 106, 107, 108, 109, 110, 111, 112, 113}, {33, 34, 20, 44}, {48}, {45, 18, 19, 54, 31}, {56, 41}, {32, 64, 35, 36, 39, 77, 49, 50, 51, 52, 84, 22, 25, 60, 61, 62, 57}, {37, 42, 17, 21, 24, 63}, {30}, {47}]14, [{7, 27, 40, 46, 53, 55, 59, 65, 67, 68, 69, 70, 71, 72, 73, 74, 75, 76, 78, 79, 80, 81, 82, 83, 85, 86, 87, 88, 89, 90, 91, 92, 93, 94, 95, 96, 97, 98, 99, 100, 101, 102, 103, 104, 105, 106, 107, 108, 109, 110, 111, 112, 113}, {33, 34, 20, 44}, {48}, {45, 18, 19, 54, 31}, {56, 41}, {32, 64, 35, 36, 39, 77, 49, 50, 51, 52, 84, 22, 25, 60, 61, 62, 57}, {37, 42, 17, 21, 24, 63}, {30}, {47}]16, [{7, 27, 40, 46, 53, 55, 59, 65, 67, 68, 69, 70, 71, 72, 73, 74, 75, 76, 78, 79, 80, 81, 82, 83, 85, 86, 87, 88, 89, 90, 91, 92, 93, 94, 95, 96, 97, 98, 99, 100, 101, 102, 103, 104, 105, 106, 107, 108, 109, 110, 111, 112, 113}, {33, 34, 20, 44}, {48}, {45, 18, 19, 54, 31}, {56, 41}, {32, 64, 35, 36, 39, 77, 49, 50, 51, 52, 84, 22, 25, 60, 61, 62, 57}, {37, 42, 17, 21, 24, 63}, {30}, {47}]28, [{7, 27, 40, 46, 53, 55, 59, 65, 67, 68, 69, 70, 71, 72, 73, 74, 75, 76, 78, 79, 80, 81, 82, 83, 85, 86, 87, 88, 89, 90, 91, 92, 93, 94, 95, 96, 97, 98, 99, 100, 101, 102, 103, 104, 105, 106, 107, 108, 109, 110, 111, 112, 113}, {33, 34, 20, 44}, {48}, {45, 18, 19, 54, 31}, {56, 41}, {32, 64, 35, 36, 39, 77, 49, 50, 51, 52, 84, 22, 25, 60, 61, 62, 57}, {37, 42, 17, 21, 24, 63}, {30}, {47}]43, [{7, 27, 40, 46, 53, 55, 59, 65, 67, 68, 69, 70, 71, 72, 73, 74, 75, 76, 78, 79, 80, 81, 82, 83, 85, 86, 87, 88, 89, 90, 91, 92, 93, 94, 95, 96, 97, 98, 99, 100, 101, 102, 103, 104, 105, 106, 107, 108, 109, 110, 111, 112, 113}, {33, 34, 20, 44}, {48}, {45, 18, 19, 54, 31}, {56, 41}, {32, 64, 35, 36, 39, 77, 49, 50, 51, 52, 84, 22, 25, 60, 61, 62, 57}, {37, 42, 17, 21, 24, 63}, {30}, {47}]
93	0	Root	2	24	4	56	-20	_	_	_	_	_	_.._	 ,same chaps: 0, [{7, 27, 40, 46, 53, 55, 59, 65, 67, 68, 69, 70, 71, 72, 73, 74, 75, 76, 78, 79, 80, 81, 82, 83, 85, 86, 87, 88, 89, 90, 91, 92, 93, 94, 95, 96, 97, 98, 99, 100, 101, 102, 103, 104, 105, 106, 107, 108, 109, 110, 111, 112, 113}, {33, 34, 20, 44}, {48}, {45, 18, 19, 54, 31}, {56, 41}, {32, 64, 35, 36, 39, 77, 49, 50, 51, 52, 84, 22, 25, 60, 61, 62, 57}, {37, 42, 17, 21, 24, 63}, {30}, {47}]4, [{7, 27, 40, 46, 53, 55, 59, 65, 67, 68, 69, 70, 71, 72, 73, 74, 75, 76, 78, 79, 80, 81, 82, 83, 85, 86, 87, 88, 89, 90, 91, 92, 93, 94, 95, 96, 97, 98, 99, 100, 101, 102, 103, 104, 105, 106, 107, 108, 109, 110, 111, 112, 113}, {33, 34, 20, 44}, {48}, {45, 18, 19, 54, 31}, {56, 41}, {32, 64, 35, 36, 39, 77, 49, 50, 51, 52, 84, 22, 25, 60, 61, 62, 57}, {37, 42, 17, 21, 24, 63}, {30}, {47}]11, [{7, 27, 40, 46, 53, 55, 59, 65, 67, 68, 69, 70, 71, 72, 73, 74, 75, 76, 78, 79, 80, 81, 82, 83, 85, 86, 87, 88, 89, 90, 91, 92, 93, 94, 95, 96, 97, 98, 99, 100, 101, 102, 103, 104, 105, 106, 107, 108, 109, 110, 111, 112, 113}, {33, 34, 20, 44}, {48}, {45, 18, 19, 54, 31}, {56, 41}, {32, 64, 35, 36, 39, 77, 49, 50, 51, 52, 84, 22, 25, 60, 61, 62, 57}, {37, 42, 17, 21, 24, 63}, {30}, {47}]12, [{7, 27, 40, 46, 53, 55, 59, 65, 67, 68, 69, 70, 71, 72, 73, 74, 75, 76, 78, 79, 80, 81, 82, 83, 85, 86, 87, 88, 89, 90, 91, 92, 93, 94, 95, 96, 97, 98, 99, 100, 101, 102, 103, 104, 105, 106, 107, 108, 109, 110, 111, 112, 113}, {33, 34, 20, 44}, {48}, {45, 18, 19, 54, 31}, {56, 41}, {32, 64, 35, 36, 39, 77, 49, 50, 51, 52, 84, 22, 25, 60, 61, 62, 57}, {37, 42, 17, 21, 24, 63}, {30}, {47}]13, [{7, 27, 40, 46, 53, 55, 59, 65, 67, 68, 69, 70, 71, 72, 73, 74, 75, 76, 78, 79, 80, 81, 82, 83, 85, 86, 87, 88, 89, 90, 91, 92, 93, 94, 95, 96, 97, 98, 99, 100, 101, 102, 103, 104, 105, 106, 107, 108, 109, 110, 111, 112, 113}, {33, 34, 20, 44}, {48}, {45, 18, 19, 54, 31}, {56, 41}, {32, 64, 35, 36, 39, 77, 49, 50, 51, 52, 84, 22, 25, 60, 61, 62, 57}, {37, 42, 17, 21, 24, 63}, {30}, {47}]14, [{7, 27, 40, 46, 53, 55, 59, 65, 67, 68, 69, 70, 71, 72, 73, 74, 75, 76, 78, 79, 80, 81, 82, 83, 85, 86, 87, 88, 89, 90, 91, 92, 93, 94, 95, 96, 97, 98, 99, 100, 101, 102, 103, 104, 105, 106, 107, 108, 109, 110, 111, 112, 113}, {33, 34, 20, 44}, {48}, {45, 18, 19, 54, 31}, {56, 41}, {32, 64, 35, 36, 39, 77, 49, 50, 51, 52, 84, 22, 25, 60, 61, 62, 57}, {37, 42, 17, 21, 24, 63}, {30}, {47}]16, [{7, 27, 40, 46, 53, 55, 59, 65, 67, 68, 69, 70, 71, 72, 73, 74, 75, 76, 78, 79, 80, 81, 82, 83, 85, 86, 87, 88, 89, 90, 91, 92, 93, 94, 95, 96, 97, 98, 99, 100, 101, 102, 103, 104, 105, 106, 107, 108, 109, 110, 111, 112, 113}, {33, 34, 20, 44}, {48}, {45, 18, 19, 54, 31}, {56, 41}, {32, 64, 35, 36, 39, 77, 49, 50, 51, 52, 84, 22, 25, 60, 61, 62, 57}, {37, 42, 17, 21, 24, 63}, {30}, {47}]28, [{7, 27, 40, 46, 53, 55, 59, 65, 67, 68, 69, 70, 71, 72, 73, 74, 75, 76, 78, 79, 80, 81, 82, 83, 85, 86, 87, 88, 89, 90, 91, 92, 93, 94, 95, 96, 97, 98, 99, 100, 101, 102, 103, 104, 105, 106, 107, 108, 109, 110, 111, 112, 113}, {33, 34, 20, 44}, {48}, {45, 18, 19, 54, 31}, {56, 41}, {32, 64, 35, 36, 39, 77, 49, 50, 51, 52, 84, 22, 25, 60, 61, 62, 57}, {37, 42, 17, 21, 24, 63}, {30}, {47}]43, [{7, 27, 40, 46, 53, 55, 59, 65, 67, 68, 69, 70, 71, 72, 73, 74, 75, 76, 78, 79, 80, 81, 82, 83, 85, 86, 87, 88, 89, 90, 91, 92, 93, 94, 95, 96, 97, 98, 99, 100, 101, 102, 103, 104, 105, 106, 107, 108, 109, 110, 111, 112, 113}, {33, 34, 20, 44}, {48}, {45, 18, 19, 54, 31}, {56, 41}, {32, 64, 35, 36, 39, 77, 49, 50, 51, 52, 84, 22, 25, 60, 61, 62, 57}, {37, 42, 17, 21, 24, 63}, {30}, {47}]
94	0	Root	2	10	2	61	-20	_	_	_	_	_	_.._	 ,same chaps: 0, [{4, 5, 7, 12, 13, 14, 16, 17, 18, 19, 20, 21, 22, 24, 25, 27, 28, 30, 31, 32, 33, 34, 35, 36, 37, 39, 40, 41, 42, 44, 45, 46, 49, 50, 51, 52, 53, 54, 55, 56, 57, 59, 60, 61, 62, 63, 64, 65, 67, 68, 69, 70, 71, 72, 73, 74, 75, 76, 77, 78, 79, 80, 81, 82, 83, 84, 85, 86, 87, 88, 89, 90, 91, 92, 93, 94, 95, 96, 97, 98, 99, 100, 101, 102, 103, 104, 105, 106, 107, 108, 109, 110, 111, 112, 113}, {26}, {58, 29}, {66, 38, 43, 47, 48, 15}]6, [{4, 5, 7, 12, 13, 14, 16, 17, 18, 19, 20, 21, 22, 24, 25, 27, 28, 30, 31, 32, 33, 34, 35, 36, 37, 39, 40, 41, 42, 44, 45, 46, 49, 50, 51, 52, 53, 54, 55, 56, 57, 59, 60, 61, 62, 63, 64, 65, 67, 68, 69, 70, 71, 72, 73, 74, 75, 76, 77, 78, 79, 80, 81, 82, 83, 84, 85, 86, 87, 88, 89, 90, 91, 92, 93, 94, 95, 96, 97, 98, 99, 100, 101, 102, 103, 104, 105, 106, 107, 108, 109, 110, 111, 112, 113}, {26}, {58, 29}, {66, 38, 43, 47, 48, 15}]9, [{4, 5, 7, 12, 13, 14, 16, 17, 18, 19, 20, 21, 22, 24, 25, 27, 28, 30, 31, 32, 33, 34, 35, 36, 37, 39, 40, 41, 42, 44, 45, 46, 49, 50, 51, 52, 53, 54, 55, 56, 57, 59, 60, 61, 62, 63, 64, 65, 67, 68, 69, 70, 71, 72, 73, 74, 75, 76, 77, 78, 79, 80, 81, 82, 83, 84, 85, 86, 87, 88, 89, 90, 91, 92, 93, 94, 95, 96, 97, 98, 99, 100, 101, 102, 103, 104, 105, 106, 107, 108, 109, 110, 111, 112, 113}, {26}, {58, 29}, {66, 38, 43, 47, 48, 15}]11, [{4, 5, 7, 12, 13, 14, 16, 17, 18, 19, 20, 21, 22, 24, 25, 27, 28, 30, 31, 32, 33, 34, 35, 36, 37, 39, 40, 41, 42, 44, 45, 46, 49, 50, 51, 52, 53, 54, 55, 56, 57, 59, 60, 61, 62, 63, 64, 65, 67, 68, 69, 70, 71, 72, 73, 74, 75, 76, 77, 78, 79, 80, 81, 82, 83, 84, 85, 86, 87, 88, 89, 90, 91, 92, 93, 94, 95, 96, 97, 98, 99, 100, 101, 102, 103, 104, 105, 106, 107, 108, 109, 110, 111, 112, 113}, {26}, {58, 29}, {66, 38, 43, 47, 48, 15}]
95	0	Root	2	10	2	66	-20	_	_	_	_	_	_.._	 ,same chaps: 0, [{4, 5, 7, 12, 13, 14, 16, 17, 18, 19, 20, 21, 22, 24, 25, 27, 28, 30, 31, 32, 33, 34, 35, 36, 37, 39, 40, 41, 42, 44, 45, 46, 49, 50, 51, 52, 53, 54, 55, 56, 57, 59, 60, 61, 62, 63, 64, 65, 67, 68, 69, 70, 71, 72, 73, 74, 75, 76, 77, 78, 79, 80, 81, 82, 83, 84, 85, 86, 87, 88, 89, 90, 91, 92, 93, 94, 95, 96, 97, 98, 99, 100, 101, 102, 103, 104, 105, 106, 107, 108, 109, 110, 111, 112, 113}, {26}, {58, 29}, {66, 38, 43, 47, 48, 15}]6, [{4, 5, 7, 12, 13, 14, 16, 17, 18, 19, 20, 21, 22, 24, 25, 27, 28, 30, 31, 32, 33, 34, 35, 36, 37, 39, 40, 41, 42, 44, 45, 46, 49, 50, 51, 52, 53, 54, 55, 56, 57, 59, 60, 61, 62, 63, 64, 65, 67, 68, 69, 70, 71, 72, 73, 74, 75, 76, 77, 78, 79, 80, 81, 82, 83, 84, 85, 86, 87, 88, 89, 90, 91, 92, 93, 94, 95, 96, 97, 98, 99, 100, 101, 102, 103, 104, 105, 106, 107, 108, 109, 110, 111, 112, 113}, {26}, {58, 29}, {66, 38, 43, 47, 48, 15}]9, [{4, 5, 7, 12, 13, 14, 16, 17, 18, 19, 20, 21, 22, 24, 25, 27, 28, 30, 31, 32, 33, 34, 35, 36, 37, 39, 40, 41, 42, 44, 45, 46, 49, 50, 51, 52, 53, 54, 55, 56, 57, 59, 60, 61, 62, 63, 64, 65, 67, 68, 69, 70, 71, 72, 73, 74, 75, 76, 77, 78, 79, 80, 81, 82, 83, 84, 85, 86, 87, 88, 89, 90, 91, 92, 93, 94, 95, 96, 97, 98, 99, 100, 101, 102, 103, 104, 105, 106, 107, 108, 109, 110, 111, 112, 113}, {26}, {58, 29}, {66, 38, 43, 47, 48, 15}]11, [{4, 5, 7, 12, 13, 14, 16, 17, 18, 19, 20, 21, 22, 24, 25, 27, 28, 30, 31, 32, 33, 34, 35, 36, 37, 39, 40, 41, 42, 44, 45, 46, 49, 50, 51, 52, 53, 54, 55, 56, 57, 59, 60, 61, 62, 63, 64, 65, 67, 68, 69, 70, 71, 72, 73, 74, 75, 76, 77, 78, 79, 80, 81, 82, 83, 84, 85, 86, 87, 88, 89, 90, 91, 92, 93, 94, 95, 96, 97, 98, 99, 100, 101, 102, 103, 104, 105, 106, 107, 108, 109, 110, 111, 112, 113}, {26}, {58, 29}, {66, 38, 43, 47, 48, 15}]
96	0	Root	2	10	2	71	-20	_	_	_	_	_	_.._	 ,same chaps: 0, [{4, 5, 7, 12, 13, 14, 16, 17, 18, 19, 20, 21, 22, 24, 25, 27, 28, 30, 31, 32, 33, 34, 35, 36, 37, 39, 40, 41, 42, 44, 45, 46, 49, 50, 51, 52, 53, 54, 55, 56, 57, 59, 60, 61, 62, 63, 64, 65, 67, 68, 69, 70, 71, 72, 73, 74, 75, 76, 77, 78, 79, 80, 81, 82, 83, 84, 85, 86, 87, 88, 89, 90, 91, 92, 93, 94, 95, 96, 97, 98, 99, 100, 101, 102, 103, 104, 105, 106, 107, 108, 109, 110, 111, 112, 113}, {26}, {58, 29}, {66, 38, 43, 47, 48, 15}]6, [{4, 5, 7, 12, 13, 14, 16, 17, 18, 19, 20, 21, 22, 24, 25, 27, 28, 30, 31, 32, 33, 34, 35, 36, 37, 39, 40, 41, 42, 44, 45, 46, 49, 50, 51, 52, 53, 54, 55, 56, 57, 59, 60, 61, 62, 63, 64, 65, 67, 68, 69, 70, 71, 72, 73, 74, 75, 76, 77, 78, 79, 80, 81, 82, 83, 84, 85, 86, 87, 88, 89, 90, 91, 92, 93, 94, 95, 96, 97, 98, 99, 100, 101, 102, 103, 104, 105, 106, 107, 108, 109, 110, 111, 112, 113}, {26}, {58, 29}, {66, 38, 43, 47, 48, 15}]9, [{4, 5, 7, 12, 13, 14, 16, 17, 18, 19, 20, 21, 22, 24, 25, 27, 28, 30, 31, 32, 33, 34, 35, 36, 37, 39, 40, 41, 42, 44, 45, 46, 49, 50, 51, 52, 53, 54, 55, 56, 57, 59, 60, 61, 62, 63, 64, 65, 67, 68, 69, 70, 71, 72, 73, 74, 75, 76, 77, 78, 79, 80, 81, 82, 83, 84, 85, 86, 87, 88, 89, 90, 91, 92, 93, 94, 95, 96, 97, 98, 99, 100, 101, 102, 103, 104, 105, 106, 107, 108, 109, 110, 111, 112, 113}, {26}, {58, 29}, {66, 38, 43, 47, 48, 15}]11, [{4, 5, 7, 12, 13, 14, 16, 17, 18, 19, 20, 21, 22, 24, 25, 27, 28, 30, 31, 32, 33, 34, 35, 36, 37, 39, 40, 41, 42, 44, 45, 46, 49, 50, 51, 52, 53, 54, 55, 56, 57, 59, 60, 61, 62, 63, 64, 65, 67, 68, 69, 70, 71, 72, 73, 74, 75, 76, 77, 78, 79, 80, 81, 82, 83, 84, 85, 86, 87, 88, 89, 90, 91, 92, 93, 94, 95, 96, 97, 98, 99, 100, 101, 102, 103, 104, 105, 106, 107, 108, 109, 110, 111, 112, 113}, {26}, {58, 29}, {66, 38, 43, 47, 48, 15}]
97	0	Root	2	10	2	76	-20	_	_	_	_	_	_.._	 ,same chaps: 0, [{4, 5, 7, 12, 13, 14, 16, 17, 18, 19, 20, 21, 22, 24, 25, 27, 28, 30, 31, 32, 33, 34, 35, 36, 37, 39, 40, 41, 42, 44, 45, 46, 49, 50, 51, 52, 53, 54, 55, 56, 57, 59, 60, 61, 62, 63, 64, 65, 67, 68, 69, 70, 71, 72, 73, 74, 75, 76, 77, 78, 79, 80, 81, 82, 83, 84, 85, 86, 87, 88, 89, 90, 91, 92, 93, 94, 95, 96, 97, 98, 99, 100, 101, 102, 103, 104, 105, 106, 107, 108, 109, 110, 111, 112, 113}, {26}, {58, 29}, {66, 38, 43, 47, 48, 15}]6, [{4, 5, 7, 12, 13, 14, 16, 17, 18, 19, 20, 21, 22, 24, 25, 27, 28, 30, 31, 32, 33, 34, 35, 36, 37, 39, 40, 41, 42, 44, 45, 46, 49, 50, 51, 52, 53, 54, 55, 56, 57, 59, 60, 61, 62, 63, 64, 65, 67, 68, 69, 70, 71, 72, 73, 74, 75, 76, 77, 78, 79, 80, 81, 82, 83, 84, 85, 86, 87, 88, 89, 90, 91, 92, 93, 94, 95, 96, 97, 98, 99, 100, 101, 102, 103, 104, 105, 106, 107, 108, 109, 110, 111, 112, 113}, {26}, {58, 29}, {66, 38, 43, 47, 48, 15}]9, [{4, 5, 7, 12, 13, 14, 16, 17, 18, 19, 20, 21, 22, 24, 25, 27, 28, 30, 31, 32, 33, 34, 35, 36, 37, 39, 40, 41, 42, 44, 45, 46, 49, 50, 51, 52, 53, 54, 55, 56, 57, 59, 60, 61, 62, 63, 64, 65, 67, 68, 69, 70, 71, 72, 73, 74, 75, 76, 77, 78, 79, 80, 81, 82, 83, 84, 85, 86, 87, 88, 89, 90, 91, 92, 93, 94, 95, 96, 97, 98, 99, 100, 101, 102, 103, 104, 105, 106, 107, 108, 109, 110, 111, 112, 113}, {26}, {58, 29}, {66, 38, 43, 47, 48, 15}]11, [{4, 5, 7, 12, 13, 14, 16, 17, 18, 19, 20, 21, 22, 24, 25, 27, 28, 30, 31, 32, 33, 34, 35, 36, 37, 39, 40, 41, 42, 44, 45, 46, 49, 50, 51, 52, 53, 54, 55, 56, 57, 59, 60, 61, 62, 63, 64, 65, 67, 68, 69, 70, 71, 72, 73, 74, 75, 76, 77, 78, 79, 80, 81, 82, 83, 84, 85, 86, 87, 88, 89, 90, 91, 92, 93, 94, 95, 96, 97, 98, 99, 100, 101, 102, 103, 104, 105, 106, 107, 108, 109, 110, 111, 112, 113}, {26}, {58, 29}, {66, 38, 43, 47, 48, 15}]
98	0	Root	2	10	2	81	-20	_	_	_	_	_	_.._	 ,same chaps: 0, [{4, 5, 7, 12, 13, 14, 16, 17, 18, 19, 20, 21, 22, 24, 25, 27, 28, 30, 31, 32, 33, 34, 35, 36, 37, 39, 40, 41, 42, 44, 45, 46, 49, 50, 51, 52, 53, 54, 55, 56, 57, 59, 60, 61, 62, 63, 64, 65, 67, 68, 69, 70, 71, 72, 73, 74, 75, 76, 77, 78, 79, 80, 81, 82, 83, 84, 85, 86, 87, 88, 89, 90, 91, 92, 93, 94, 95, 96, 97, 98, 99, 100, 101, 102, 103, 104, 105, 106, 107, 108, 109, 110, 111, 112, 113}, {26}, {58, 29}, {66, 38, 43, 47, 48, 15}]6, [{4, 5, 7, 12, 13, 14, 16, 17, 18, 19, 20, 21, 22, 24, 25, 27, 28, 30, 31, 32, 33, 34, 35, 36, 37, 39, 40, 41, 42, 44, 45, 46, 49, 50, 51, 52, 53, 54, 55, 56, 57, 59, 60, 61, 62, 63, 64, 65, 67, 68, 69, 70, 71, 72, 73, 74, 75, 76, 77, 78, 79, 80, 81, 82, 83, 84, 85, 86, 87, 88, 89, 90, 91, 92, 93, 94, 95, 96, 97, 98, 99, 100, 101, 102, 103, 104, 105, 106, 107, 108, 109, 110, 111, 112, 113}, {26}, {58, 29}, {66, 38, 43, 47, 48, 15}]9, [{4, 5, 7, 12, 13, 14, 16, 17, 18, 19, 20, 21, 22, 24, 25, 27, 28, 30, 31, 32, 33, 34, 35, 36, 37, 39, 40, 41, 42, 44, 45, 46, 49, 50, 51, 52, 53, 54, 55, 56, 57, 59, 60, 61, 62, 63, 64, 65, 67, 68, 69, 70, 71, 72, 73, 74, 75, 76, 77, 78, 79, 80, 81, 82, 83, 84, 85, 86, 87, 88, 89, 90, 91, 92, 93, 94, 95, 96, 97, 98, 99, 100, 101, 102, 103, 104, 105, 106, 107, 108, 109, 110, 111, 112, 113}, {26}, {58, 29}, {66, 38, 43, 47, 48, 15}]11, [{4, 5, 7, 12, 13, 14, 16, 17, 18, 19, 20, 21, 22, 24, 25, 27, 28, 30, 31, 32, 33, 34, 35, 36, 37, 39, 40, 41, 42, 44, 45, 46, 49, 50, 51, 52, 53, 54, 55, 56, 57, 59, 60, 61, 62, 63, 64, 65, 67, 68, 69, 70, 71, 72, 73, 74, 75, 76, 77, 78, 79, 80, 81, 82, 83, 84, 85, 86, 87, 88, 89, 90, 91, 92, 93, 94, 95, 96, 97, 98, 99, 100, 101, 102, 103, 104, 105, 106, 107, 108, 109, 110, 111, 112, 113}, {26}, {58, 29}, {66, 38, 43, 47, 48, 15}]
99	0	Root	2	10	2	86	-20	_	_	_	_	_	_.._	 ,same chaps: 0, [{4, 5, 7, 12, 13, 14, 16, 17, 18, 19, 20, 21, 22, 24, 25, 27, 28, 30, 31, 32, 33, 34, 35, 36, 37, 39, 40, 41, 42, 44, 45, 46, 49, 50, 51, 52, 53, 54, 55, 56, 57, 59, 60, 61, 62, 63, 64, 65, 67, 68, 69, 70, 71, 72, 73, 74, 75, 76, 77, 78, 79, 80, 81, 82, 83, 84, 85, 86, 87, 88, 89, 90, 91, 92, 93, 94, 95, 96, 97, 98, 99, 100, 101, 102, 103, 104, 105, 106, 107, 108, 109, 110, 111, 112, 113}, {26}, {58, 29}, {66, 38, 43, 47, 48, 15}]6, [{4, 5, 7, 12, 13, 14, 16, 17, 18, 19, 20, 21, 22, 24, 25, 27, 28, 30, 31, 32, 33, 34, 35, 36, 37, 39, 40, 41, 42, 44, 45, 46, 49, 50, 51, 52, 53, 54, 55, 56, 57, 59, 60, 61, 62, 63, 64, 65, 67, 68, 69, 70, 71, 72, 73, 74, 75, 76, 77, 78, 79, 80, 81, 82, 83, 84, 85, 86, 87, 88, 89, 90, 91, 92, 93, 94, 95, 96, 97, 98, 99, 100, 101, 102, 103, 104, 105, 106, 107, 108, 109, 110, 111, 112, 113}, {26}, {58, 29}, {66, 38, 43, 47, 48, 15}]9, [{4, 5, 7, 12, 13, 14, 16, 17, 18, 19, 20, 21, 22, 24, 25, 27, 28, 30, 31, 32, 33, 34, 35, 36, 37, 39, 40, 41, 42, 44, 45, 46, 49, 50, 51, 52, 53, 54, 55, 56, 57, 59, 60, 61, 62, 63, 64, 65, 67, 68, 69, 70, 71, 72, 73, 74, 75, 76, 77, 78, 79, 80, 81, 82, 83, 84, 85, 86, 87, 88, 89, 90, 91, 92, 93, 94, 95, 96, 97, 98, 99, 100, 101, 102, 103, 104, 105, 106, 107, 108, 109, 110, 111, 112, 113}, {26}, {58, 29}, {66, 38, 43, 47, 48, 15}]11, [{4, 5, 7, 12, 13, 14, 16, 17, 18, 19, 20, 21, 22, 24, 25, 27, 28, 30, 31, 32, 33, 34, 35, 36, 37, 39, 40, 41, 42, 44, 45, 46, 49, 50, 51, 52, 53, 54, 55, 56, 57, 59, 60, 61, 62, 63, 64, 65, 67, 68, 69, 70, 71, 72, 73, 74, 75, 76, 77, 78, 79, 80, 81, 82, 83, 84, 85, 86, 87, 88, 89, 90, 91, 92, 93, 94, 95, 96, 97, 98, 99, 100, 101, 102, 103, 104, 105, 106, 107, 108, 109, 110, 111, 112, 113}, {26}, {58, 29}, {66, 38, 43, 47, 48, 15}]
100	0	Root	2	10	2	91	-20	_	_	_	_	_	_.._	 ,same chaps: 0, [{4, 5, 7, 12, 13, 14, 16, 17, 18, 19, 20, 21, 22, 24, 25, 27, 28, 30, 31, 32, 33, 34, 35, 36, 37, 39, 40, 41, 42, 44, 45, 46, 49, 50, 51, 52, 53, 54, 55, 56, 57, 59, 60, 61, 62, 63, 64, 65, 67, 68, 69, 70, 71, 72, 73, 74, 75, 76, 77, 78, 79, 80, 81, 82, 83, 84, 85, 86, 87, 88, 89, 90, 91, 92, 93, 94, 95, 96, 97, 98, 99, 100, 101, 102, 103, 104, 105, 106, 107, 108, 109, 110, 111, 112, 113}, {26}, {58, 29}, {66, 38, 43, 47, 48, 15}]6, [{4, 5, 7, 12, 13, 14, 16, 17, 18, 19, 20, 21, 22, 24, 25, 27, 28, 30, 31, 32, 33, 34, 35, 36, 37, 39, 40, 41, 42, 44, 45, 46, 49, 50, 51, 52, 53, 54, 55, 56, 57, 59, 60, 61, 62, 63, 64, 65, 67, 68, 69, 70, 71, 72, 73, 74, 75, 76, 77, 78, 79, 80, 81, 82, 83, 84, 85, 86, 87, 88, 89, 90, 91, 92, 93, 94, 95, 96, 97, 98, 99, 100, 101, 102, 103, 104, 105, 106, 107, 108, 109, 110, 111, 112, 113}, {26}, {58, 29}, {66, 38, 43, 47, 48, 15}]9, [{4, 5, 7, 12, 13, 14, 16, 17, 18, 19, 20, 21, 22, 24, 25, 27, 28, 30, 31, 32, 33, 34, 35, 36, 37, 39, 40, 41, 42, 44, 45, 46, 49, 50, 51, 52, 53, 54, 55, 56, 57, 59, 60, 61, 62, 63, 64, 65, 67, 68, 69, 70, 71, 72, 73, 74, 75, 76, 77, 78, 79, 80, 81, 82, 83, 84, 85, 86, 87, 88, 89, 90, 91, 92, 93, 94, 95, 96, 97, 98, 99, 100, 101, 102, 103, 104, 105, 106, 107, 108, 109, 110, 111, 112, 113}, {26}, {58, 29}, {66, 38, 43, 47, 48, 15}]11, [{4, 5, 7, 12, 13, 14, 16, 17, 18, 19, 20, 21, 22, 24, 25, 27, 28, 30, 31, 32, 33, 34, 35, 36, 37, 39, 40, 41, 42, 44, 45, 46, 49, 50, 51, 52, 53, 54, 55, 56, 57, 59, 60, 61, 62, 63, 64, 65, 67, 68, 69, 70, 71, 72, 73, 74, 75, 76, 77, 78, 79, 80, 81, 82, 83, 84, 85, 86, 87, 88, 89, 90, 91, 92, 93, 94, 95, 96, 97, 98, 99, 100, 101, 102, 103, 104, 105, 106, 107, 108, 109, 110, 111, 112, 113}, {26}, {58, 29}, {66, 38, 43, 47, 48, 15}]
101	0	Root	2	10	2	96	-20	_	_	_	_	_	_.._	 ,same chaps: 0, [{4, 5, 7, 12, 13, 14, 16, 17, 18, 19, 20, 21, 22, 24, 25, 27, 28, 30, 31, 32, 33, 34, 35, 36, 37, 39, 40, 41, 42, 44, 45, 46, 49, 50, 51, 52, 53, 54, 55, 56, 57, 59, 60, 61, 62, 63, 64, 65, 67, 68, 69, 70, 71, 72, 73, 74, 75, 76, 77, 78, 79, 80, 81, 82, 83, 84, 85, 86, 87, 88, 89, 90, 91, 92, 93, 94, 95, 96, 97, 98, 99, 100, 101, 102, 103, 104, 105, 106, 107, 108, 109, 110, 111, 112, 113}, {26}, {58, 29}, {66, 38, 43, 47, 48, 15}]6, [{4, 5, 7, 12, 13, 14, 16, 17, 18, 19, 20, 21, 22, 24, 25, 27, 28, 30, 31, 32, 33, 34, 35, 36, 37, 39, 40, 41, 42, 44, 45, 46, 49, 50, 51, 52, 53, 54, 55, 56, 57, 59, 60, 61, 62, 63, 64, 65, 67, 68, 69, 70, 71, 72, 73, 74, 75, 76, 77, 78, 79, 80, 81, 82, 83, 84, 85, 86, 87, 88, 89, 90, 91, 92, 93, 94, 95, 96, 97, 98, 99, 100, 101, 102, 103, 104, 105, 106, 107, 108, 109, 110, 111, 112, 113}, {26}, {58, 29}, {66, 38, 43, 47, 48, 15}]9, [{4, 5, 7, 12, 13, 14, 16, 17, 18, 19, 20, 21, 22, 24, 25, 27, 28, 30, 31, 32, 33, 34, 35, 36, 37, 39, 40, 41, 42, 44, 45, 46, 49, 50, 51, 52, 53, 54, 55, 56, 57, 59, 60, 61, 62, 63, 64, 65, 67, 68, 69, 70, 71, 72, 73, 74, 75, 76, 77, 78, 79, 80, 81, 82, 83, 84, 85, 86, 87, 88, 89, 90, 91, 92, 93, 94, 95, 96, 97, 98, 99, 100, 101, 102, 103, 104, 105, 106, 107, 108, 109, 110, 111, 112, 113}, {26}, {58, 29}, {66, 38, 43, 47, 48, 15}]11, [{4, 5, 7, 12, 13, 14, 16, 17, 18, 19, 20, 21, 22, 24, 25, 27, 28, 30, 31, 32, 33, 34, 35, 36, 37, 39, 40, 41, 42, 44, 45, 46, 49, 50, 51, 52, 53, 54, 55, 56, 57, 59, 60, 61, 62, 63, 64, 65, 67, 68, 69, 70, 71, 72, 73, 74, 75, 76, 77, 78, 79, 80, 81, 82, 83, 84, 85, 86, 87, 88, 89, 90, 91, 92, 93, 94, 95, 96, 97, 98, 99, 100, 101, 102, 103, 104, 105, 106, 107, 108, 109, 110, 111, 112, 113}, {26}, {58, 29}, {66, 38, 43, 47, 48, 15}]
102	0	Root	2	10	2	101	-20	_	_	_	_	_	_.._	 ,same chaps: 0, [{4, 5, 7, 12, 13, 14, 16, 17, 18, 19, 20, 21, 22, 24, 25, 27, 28, 30, 31, 32, 33, 34, 35, 36, 37, 39, 40, 41, 42, 44, 45, 46, 49, 50, 51, 52, 53, 54, 55, 56, 57, 59, 60, 61, 62, 63, 64, 65, 67, 68, 69, 70, 71, 72, 73, 74, 75, 76, 77, 78, 79, 80, 81, 82, 83, 84, 85, 86, 87, 88, 89, 90, 91, 92, 93, 94, 95, 96, 97, 98, 99, 100, 101, 102, 103, 104, 105, 106, 107, 108, 109, 110, 111, 112, 113}, {26}, {58, 29}, {66, 38, 43, 47, 48, 15}]6, [{4, 5, 7, 12, 13, 14, 16, 17, 18, 19, 20, 21, 22, 24, 25, 27, 28, 30, 31, 32, 33, 34, 35, 36, 37, 39, 40, 41, 42, 44, 45, 46, 49, 50, 51, 52, 53, 54, 55, 56, 57, 59, 60, 61, 62, 63, 64, 65, 67, 68, 69, 70, 71, 72, 73, 74, 75, 76, 77, 78, 79, 80, 81, 82, 83, 84, 85, 86, 87, 88, 89, 90, 91, 92, 93, 94, 95, 96, 97, 98, 99, 100, 101, 102, 103, 104, 105, 106, 107, 108, 109, 110, 111, 112, 113}, {26}, {58, 29}, {66, 38, 43, 47, 48, 15}]9, [{4, 5, 7, 12, 13, 14, 16, 17, 18, 19, 20, 21, 22, 24, 25, 27, 28, 30, 31, 32, 33, 34, 35, 36, 37, 39, 40, 41, 42, 44, 45, 46, 49, 50, 51, 52, 53, 54, 55, 56, 57, 59, 60, 61, 62, 63, 64, 65, 67, 68, 69, 70, 71, 72, 73, 74, 75, 76, 77, 78, 79, 80, 81, 82, 83, 84, 85, 86, 87, 88, 89, 90, 91, 92, 93, 94, 95, 96, 97, 98, 99, 100, 101, 102, 103, 104, 105, 106, 107, 108, 109, 110, 111, 112, 113}, {26}, {58, 29}, {66, 38, 43, 47, 48, 15}]11, [{4, 5, 7, 12, 13, 14, 16, 17, 18, 19, 20, 21, 22, 24, 25, 27, 28, 30, 31, 32, 33, 34, 35, 36, 37, 39, 40, 41, 42, 44, 45, 46, 49, 50, 51, 52, 53, 54, 55, 56, 57, 59, 60, 61, 62, 63, 64, 65, 67, 68, 69, 70, 71, 72, 73, 74, 75, 76, 77, 78, 79, 80, 81, 82, 83, 84, 85, 86, 87, 88, 89, 90, 91, 92, 93, 94, 95, 96, 97, 98, 99, 100, 101, 102, 103, 104, 105, 106, 107, 108, 109, 110, 111, 112, 113}, {26}, {58, 29}, {66, 38, 43, 47, 48, 15}]
103	0	Root	2	10	2	106	-20	_	_	_	_	_	_.._	 ,same chaps: 0, [{4, 5, 7, 12, 13, 14, 16, 17, 18, 19, 20, 21, 22, 24, 25, 27, 28, 30, 31, 32, 33, 34, 35, 36, 37, 39, 40, 41, 42, 44, 45, 46, 49, 50, 51, 52, 53, 54, 55, 56, 57, 59, 60, 61, 62, 63, 64, 65, 67, 68, 69, 70, 71, 72, 73, 74, 75, 76, 77, 78, 79, 80, 81, 82, 83, 84, 85, 86, 87, 88, 89, 90, 91, 92, 93, 94, 95, 96, 97, 98, 99, 100, 101, 102, 103, 104, 105, 106, 107, 108, 109, 110, 111, 112, 113}, {26}, {58, 29}, {66, 38, 43, 47, 48, 15}]6, [{4, 5, 7, 12, 13, 14, 16, 17, 18, 19, 20, 21, 22, 24, 25, 27, 28, 30, 31, 32, 33, 34, 35, 36, 37, 39, 40, 41, 42, 44, 45, 46, 49, 50, 51, 52, 53, 54, 55, 56, 57, 59, 60, 61, 62, 63, 64, 65, 67, 68, 69, 70, 71, 72, 73, 74, 75, 76, 77, 78, 79, 80, 81, 82, 83, 84, 85, 86, 87, 88, 89, 90, 91, 92, 93, 94, 95, 96, 97, 98, 99, 100, 101, 102, 103, 104, 105, 106, 107, 108, 109, 110, 111, 112, 113}, {26}, {58, 29}, {66, 38, 43, 47, 48, 15}]9, [{4, 5, 7, 12, 13, 14, 16, 17, 18, 19, 20, 21, 22, 24, 25, 27, 28, 30, 31, 32, 33, 34, 35, 36, 37, 39, 40, 41, 42, 44, 45, 46, 49, 50, 51, 52, 53, 54, 55, 56, 57, 59, 60, 61, 62, 63, 64, 65, 67, 68, 69, 70, 71, 72, 73, 74, 75, 76, 77, 78, 79, 80, 81, 82, 83, 84, 85, 86, 87, 88, 89, 90, 91, 92, 93, 94, 95, 96, 97, 98, 99, 100, 101, 102, 103, 104, 105, 106, 107, 108, 109, 110, 111, 112, 113}, {26}, {58, 29}, {66, 38, 43, 47, 48, 15}]11, [{4, 5, 7, 12, 13, 14, 16, 17, 18, 19, 20, 21, 22, 24, 25, 27, 28, 30, 31, 32, 33, 34, 35, 36, 37, 39, 40, 41, 42, 44, 45, 46, 49, 50, 51, 52, 53, 54, 55, 56, 57, 59, 60, 61, 62, 63, 64, 65, 67, 68, 69, 70, 71, 72, 73, 74, 75, 76, 77, 78, 79, 80, 81, 82, 83, 84, 85, 86, 87, 88, 89, 90, 91, 92, 93, 94, 95, 96, 97, 98, 99, 100, 101, 102, 103, 104, 105, 106, 107, 108, 109, 110, 111, 112, 113}, {26}, {58, 29}, {66, 38, 43, 47, 48, 15}]
104	0	Root	2	10	2	111	-20	_	_	_	_	_	_.._	 ,same chaps: 0, [{4, 5, 7, 12, 13, 14, 16, 17, 18, 19, 20, 21, 22, 24, 25, 27, 28, 30, 31, 32, 33, 34, 35, 36, 37, 39, 40, 41, 42, 44, 45, 46, 49, 50, 51, 52, 53, 54, 55, 56, 57, 59, 60, 61, 62, 63, 64, 65, 67, 68, 69, 70, 71, 72, 73, 74, 75, 76, 77, 78, 79, 80, 81, 82, 83, 84, 85, 86, 87, 88, 89, 90, 91, 92, 93, 94, 95, 96, 97, 98, 99, 100, 101, 102, 103, 104, 105, 106, 107, 108, 109, 110, 111, 112, 113}, {26}, {58, 29}, {66, 38, 43, 47, 48, 15}]6, [{4, 5, 7, 12, 13, 14, 16, 17, 18, 19, 20, 21, 22, 24, 25, 27, 28, 30, 31, 32, 33, 34, 35, 36, 37, 39, 40, 41, 42, 44, 45, 46, 49, 50, 51, 52, 53, 54, 55, 56, 57, 59, 60, 61, 62, 63, 64, 65, 67, 68, 69, 70, 71, 72, 73, 74, 75, 76, 77, 78, 79, 80, 81, 82, 83, 84, 85, 86, 87, 88, 89, 90, 91, 92, 93, 94, 95, 96, 97, 98, 99, 100, 101, 102, 103, 104, 105, 106, 107, 108, 109, 110, 111, 112, 113}, {26}, {58, 29}, {66, 38, 43, 47, 48, 15}]9, [{4, 5, 7, 12, 13, 14, 16, 17, 18, 19, 20, 21, 22, 24, 25, 27, 28, 30, 31, 32, 33, 34, 35, 36, 37, 39, 40, 41, 42, 44, 45, 46, 49, 50, 51, 52, 53, 54, 55, 56, 57, 59, 60, 61, 62, 63, 64, 65, 67, 68, 69, 70, 71, 72, 73, 74, 75, 76, 77, 78, 79, 80, 81, 82, 83, 84, 85, 86, 87, 88, 89, 90, 91, 92, 93, 94, 95, 96, 97, 98, 99, 100, 101, 102, 103, 104, 105, 106, 107, 108, 109, 110, 111, 112, 113}, {26}, {58, 29}, {66, 38, 43, 47, 48, 15}]11, [{4, 5, 7, 12, 13, 14, 16, 17, 18, 19, 20, 21, 22, 24, 25, 27, 28, 30, 31, 32, 33, 34, 35, 36, 37, 39, 40, 41, 42, 44, 45, 46, 49, 50, 51, 52, 53, 54, 55, 56, 57, 59, 60, 61, 62, 63, 64, 65, 67, 68, 69, 70, 71, 72, 73, 74, 75, 76, 77, 78, 79, 80, 81, 82, 83, 84, 85, 86, 87, 88, 89, 90, 91, 92, 93, 94, 95, 96, 97, 98, 99, 100, 101, 102, 103, 104, 105, 106, 107, 108, 109, 110, 111, 112, 113}, {26}, {58, 29}, {66, 38, 43, 47, 48, 15}]

************
Maximum achived silhouette score for noPCA is: 0.17789520408363385 in plot(s) number(s) [40]
maximum achived max rate mean for clusters is: 0.8689320388349515 in plot(s) number(s)[1]
minimum achived max rate variance for clusters is: 0.13106796116504854 in plot(s) number(s)[1]