sp:11
feature_acc:
[  2   3   4   5   6   7   8   9  10  13  23  33  43  53  63  73  83  93
 103]
qual_acc:
[0.90603167 0.83096292 0.81634503 0.79429575 0.76475893 0.74775648
 0.7370748  0.71461376 0.69760078 0.65955443 0.62184422 0.61358395
 0.59384516 0.55538794 0.53699018 0.52974495 0.52678612 0.52568539
 0.52538075]
PCAdim_acc:
[  2   3   4   5   6   7   8   9  10  13  23  33  43  53  63  73  83  93
 103]
sp:16
feature_acc:
[ 2  3  4  5  6  7  8  9 10 17 27 37 47 57 67 77 87 97]
qual_acc:
[0.88944552 0.80292194 0.77860575 0.74587857 0.70681419 0.68552272
 0.68274372 0.66687356 0.65557177 0.5914125  0.54646606 0.53358177
 0.51643468 0.49721132 0.48243474 0.47520094 0.47233289 0.47165633]
PCAdim_acc:
[ 2  3  4  5  6  7  8  9 10 17 27 37 47 57 67 77 87 97]
sp:21
feature_acc:
[ 2  3  4  5  6  7  8  9 10 14 24 34 44 54 64 74 84 94]
qual_acc:
[0.86811611 0.75002715 0.69655367 0.66218934 0.63035168 0.61758706
 0.60261854 0.55029462 0.54500475 0.53830452 0.45111353 0.43629138
 0.42328828 0.41427968 0.40895142 0.40612625 0.40501345 0.40483597]
PCAdim_acc:
[ 2  3  4  5  6  7  8  9 10 14 24 34 44 54 64 74 84 94]
sp:26
feature_acc:
[ 2  3  4  5  6  7  8  9 10 12 22 32 42 52 62 72]
qual_acc:
[0.80919647 0.68224845 0.6316487  0.59805908 0.58010849 0.5564378
 0.51549745 0.49057851 0.47711165 0.46060165 0.43188454 0.41373697
 0.40658496 0.4038843  0.40322187 0.40318781]
PCAdim_acc:
[ 2  3  4  5  6  7  8  9 10 12 22 32 42 52 62 72]
sp:31
feature_acc:
[ 2  3  4  5  6  7  8  9 10 10 20 30]
qual_acc:
[0.79413971 0.68727553 0.57322146 0.5774377  0.52441042 0.51926389
 0.49537011 0.46684098 0.44817462 0.44817462 0.36903808 0.36760043]
PCAdim_acc:
[ 2  3  4  5  6  7  8  9 10 10 20 30]
